
  #  Name                 Lv Algn Stats          HP  AC  T0 Exp   Gold  Dice   
------------------------------------------------------------------------------
  1. laborer              01  100 13/10/11/10/11 010 090 19 00010 0005  2d2 +1 
  2. vagrant              01   30 09/09/11/11/11 007 100 19 00006 0000  1d4 +0 
  3. scribe               01   50 11/10/11/11/11 010 090 19 00010 0020  2d2 +1 
  4. nobleman             01    5 07/07/12/13/09 008 090 20 00004 0030  1d3 +0 
  5. bowyer               02   50 10/13/11/11/11 020 070 18 00020 0000  2d2 +2 
  6. merchant             01   20 11/11/11/11/11 008 090 19 00006 0002  1d3 +0 
  7. sailor               01   15 12/11/11/10/11 010 085 19 00010 0000  2d2 +1 
  8. peasant              01   70 13/10/11/07/11 006 090 19 00003 0000  1d4 +0 
  9. monk                 02  100 10/10/09/12/17 013 090 18 00010 0000  1d5 +0 
 10. criminal             01  -50 10/12/11/10/05 010 080 19 00009 0000  1d3 +1 
 11. warrior              03    0 15/12/13/11/11 029 060 17 00030 0000  2d3 +1 
 12. paladin              04  120 16/12/12/10/15 035 060 16 00040 0000  2d4 +0 
 13. ranger               04   80 12/16/11/11/11 040 060 14 00060 0000  2d3 +2 
 14. knight               04   65 15/11/11/11/11 036 060 16 00040 0000  1d8 +0 
 15. mercenary            03  -25 13/11/13/11/11 030 070 17 00035 0010  1d7 +0 
 16. small spider         01  -25 08/14/11/11/11 010 090 17 00007 0000  1d3 +0 
 17. giant rat            02  -30 11/14/11/05/05 016 080 18 00007 0000  1d5 +0 
 18. ghost                04  -75 12/12/11/08/08 030 060 17 00040 0000  1d8 +0 
 19. apparition           05  -50 11/17/11/11/11 045 050 15 00065 0000  2d4 +2 
 20. evil wraith          05 -200 14/14/11/11/11 052 050 15 00075 0000  2d5 +0 
 21. little mouse         01   20 08/08/08/08/08 005 100 20 00001 0000  1d3 +0 
 22. old gardener         04  100 14/12/11/11/11 040 060 14 00040 0000  2d5 +0 
 23. ghoul                05 -100 14/14/11/11/11 047 050 15 00080 0000  1d8 +2 
 24. ghast                04 -120 12/12/11/11/11 036 060 16 00040 0000  1d6 +2 
 25. madman               01  -50 13/12/11/10/05 010 090 19 00010 0000  2d2 +0 
 26. dwarf                05   50 12/18/11/11/11 060 050 15 00100 0010  2d5 +0 
 27. minotaur             04  -50 16/12/11/11/08 045 075 16 00040 0000  2d4 +1 
 28. swordmaster          05   50 17/14/11/11/08 060 050 15 00080 0000  3d3 +1 
 29. centaur              08   50 15/15/16/15/15 100 040 12 00220 0000  3d5 +1 
 30. guard                10  250 16/16/18/15/15 135 020 10 00340 0050  3d6 +0 
 31. headless horseman    07 -100 16/16/16/11/11 080 030 13 00150 0000  3d4 +0 
 32. spectre              09 -150 18/17/18/11/11 110 020 11 00280 0000  3d5 +3 
 33. skeleton             04  -50 13/13/10/10/10 038 060 16 00045 0000  1d8 +0 
 34. vampire              07  -80 15/15/15/16/08 077 040 13 00150 0000  1d12+2 
 35. warg                 06  -50 16/18/16/12/07 066 050 14 00110 0000  2d5 +0 
 36. the ghost of Evan Ni 13    0 18/16/12/17/20 160 010 08 00500 0080  3d7 +1 
 37. zombie               06  -50 18/08/20/11/11 070 040 14 00120 0000  2d4 +2 
 38. looter               05  -30 13/13/11/11/11 047 060 14 00075 0000  1d8 +1 
 39. ghostly fencer       08  -50 14/16/13/11/11 100 030 12 00200 0000  2d4 +3 
 40. sewer rat            02  -20 12/14/11/11/11 020 080 18 00020 0000  1d6 +0 
 41. lillianril           08  -50 16/16/16/15/15 100 040 12 00220 0000  4d4 +0 
 42. dervish              05  -90 15/16/11/11/11 050 050 15 00080 0020  2d4 +0 
 43. orc                  04  -20 13/10/11/11/11 036 060 16 00040 0000  1d7 +0 
 44. worker               03   50 11/12/12/11/11 023 070 17 00035 0000  2d2 +1 
 45. thief                06  -40 15/16/15/15/06 060 040 14 00125 0000  1d12+0 
 46. kobold               04  -20 10/11/11/11/11 037 070 16 00040 0000  2d3 +1 
 47. carrion crawler      06  -10 15/16/18/04/08 070 050 14 00120 0000  4d2 +2 
 48. pugilist             07   30 15/15/15/11/11 080 040 13 00140 0000  2d5 +4 
 49. deadly kraken        14 -100 21/21/15/11/11 170 020 09 00800 0500  4d5 +0 
 50. grinning demon       11 -200 19/16/11/12/13 135 010 09 00450 0500  3d6 +1 

  #  Name                 Lv Algn Stats          HP  AC  T0 Exp   Gold  Dice   
------------------------------------------------------------------------------
 51. gray elf             06  250 15/15/15/15/10 070 055 14 00140 0010  4d3 +0 
 52. drow elf             04  -25 18/10/10/15/10 040 060 17 00055 0050  2d4 +0 
 53. lich                 12 -100 18/18/18/20/14 155 000 10 00300 0500  4d6 +2 
 54. hydra                15 -100 20/25/20/15/20 210 000 05 01000 2500  5d6 +0 
 55. efreeti              15  -20 20/20/20/20/20 210 000 05 00900 1000  4d7 +2 
 56. black dragon         17 -120 20/20/20/25/20 190 -35 03 01200 0500  6d3 +2 
 57. brass dragon         17  150 20/20/20/20/20 200 -35 03 01300 1000  4d6 +1 
 58. blue dragon          19  -50 25/25/20/25/20 250 -70 -1 01600 1000  6d5 +0 
 59. green dragon         18 -125 25/25/25/23/10 220 -60 00 01450 1000  8d4 +1 
 60. half-elf             04  100 15/15/20/17/10 030 060 16 00050 0050  2d3 +2 
 61. waitress             01   50 15/15/10/10/05 010 090 20 00007 0002  1d4 +0 
 62. aristocrat           01  -10 10/10/10/05/05 010 085 20 00008 0030  1d5 +0 
 63. dikumud ripoff       02   20 15/10/10/10/05 020 080 19 00015 0010  1d6 +0 
 64. bartender            03   30 15/15/10/10/10 020 090 18 00015 0020  1d6 +1 
 65. drunk                01   30 11/04/05/06/07 010 090 19 00007 0010  1d4 +2 
 66. rabbit               01   50 10/14/12/05/10 006 100 19 00004 0000  1d3 +1 
 67. troll                04  -50 18/15/12/10/10 045 065 17 00060 0100  3d2 +2 
 68. hermit               05 -100 10/10/10/18/15 060 085 15 00100 0100  3d3 +1 
 69. mountain hiker       02   10 15/15/10/10/10 015 090 18 00011 0005  1d6 +0 
 70. street-hiker         01   10 15/15/15/08/05 008 095 20 00007 0002  1d4 +0 
 71. air giant            21  150 25/24/24/25/23 300 -60 -2 02000 1000  8d5 +2 
 72. soothsayer           02  100 10/08/08/18/05 018 090 20 00015 0000  1d6 +0 
 73. scorpion             02  -10 05/05/05/03/10 010 090 18 00007 0000  1d4 +0 
 74. wombat               02  -20 10/20/10/12/11 015 075 15 00020 0000  2d3 +0 
 75. vampire bat          01  -10 12/12/09/10/11 010 090 19 00008 0000  1d4 +0 
 76. abominable snowman   07  -50 20/10/15/12/12 089 050 14 00160 0100  2d6 +1 
 77. strumpet             04    5 14/20/12/05/13 040 060 16 00060 0020  2d4 +0 
 78. gambler              04   15 18/15/12/05/11 030 060 16 00050 0003  1d8 +0 
 79. bouncer              05   15 20/12/15/10/07 060 065 15 00100 0010  3d3 +1 
 80. angry drunk          03   -5 10/12/05/04/12 030 090 20 00025 0000  1d7 +0 
 81. innkeeper            04   50 15/14/10/13/11 040 090 20 00050 0005  2d4 +0 
 82. caretaker            05  100 10/15/15/18/12 060 085 18 00070 0005  2d4 +1 
 83. mummy of dabin       13  100 18/20/20/20/18 175 075 07 00600 0100  5d4 +1 
 84. loch ness monster    20  -50 20/20/25/20/20 280 025 04 01600 2500  5d6 +2 
 85. barracuda            03  -25 18/18/10/03/04 025 070 17 00030 0000  1d7 +0 
 86. large crayfish       02   15 10/12/05/05/04 015 080 20 00012 0000  1d6 +0 
 87. cave explorer        02   45 15/18/02/14/04 020 085 18 00015 0002  1d6 +1 
 88. evil high priestess  20 -150 20/20/20/25/25 275 065 02 01700 0250  5d5 +3 
 89. grizzly bear         04  -25 20/15/13/03/12 042 085 16 00060 0000  2d4 +0 
 90. mountain lion        04  -25 20/18/12/03/08 045 095 16 00065 0000  3d3 +0 
 91. otyugh               06  -50 15/12/16/18/06 075 055 14 00120 0010  3d4 +0 
 92. white dragon         16 -150 25/20/20/22/20 180 -50 05 01150 1000  8d4 +0 
 93. red dragon           20 -200 25/25/23/25/23 300 -90 -4 01800 2500  6d6 +6 
 94. bronze dragon        18  200 20/25/20/20/25 225 -60 00 01450 1000  3d6 +12
 95. silver dragon        19  200 25/25/20/25/20 275 -65 -1 01600 1500  9d4 +3 
 96. gold dragon          22  250 25/24/23/25/23 350 -70 -4 02400 3000 10d5 +10
 97. Tiamat's body        25  -50 25/25/25/25/25 350 000 00 03000 2500  4d4 +0 
 98. the white head of Ti 20  -50 20/25/10/25/10 075 010 20 01000 3500  1d20+0 
 99. the black head of Ti 20  -50 20/20/20/25/20 075 010 20 01000 3500  1d20+0 
100. the green head of Ti 20  -50 13/20/20/25/20 075 010 20 01000 3500  1d20+0 

  #  Name                 Lv Algn Stats          HP  AC  T0 Exp   Gold  Dice   
------------------------------------------------------------------------------
101. the blue head of Tia 20  -50 15/20/20/25/20 075 010 20 01000 5000  1d20+0 
102. the red head of Tiam 20  -50 22/15/15/25/13 075 015 20 01000 3500  1d20+0 
103. elven guard          04  150 18/12/12/12/11 045 060 16 00055 0010  3d2 +2 
104. mountain climber     02   50 15/10/15/12/10 022 085 18 00015 0000  1d6 +0 
105. the Fenris Wolf      25 -250 25/25/25/25/25 500 -50 -10 05000 2500  8d5 +15
106. the Platinum Dragon  25  300 25/25/25/25/25 390 -90 -5 04000 9000  8d6 +6 
107. vorpal bunny         15  125 20/20/20/20/20 211 000 05 00950 0000  5d6 +0 
108. french taunter       04   25 15/10/10/12/13 042 060 16 00045 0015  2d4 +0 
109. harpy                06    0 14/16/12/12/14 075 040 14 00130 0010  3d4 +0 
110. griffon              06    0 18/20/13/12/05 070 040 14 00100 0010  2d6 +0 
111. mountain raider      06    0 18/15/15/12/09 075 040 14 00140 0015  3d4 +0 
112. wizard's apprentice  15  125 20/20/20/25/15 200 -25 06 01000 0000  6d5 +0 
113. lamia                07    0 25/16/12/10/12 075 030 13 00175 0010  2d6 +2 
114. spirit naga          07  -50 15/15/15/15/15 083 030 13 00160 0010  2d6 +2 
115. doppleganger         10  -60 18/18/18/16/14 132 000 10 00350 0010  3d6 +0 
116. dryad                03   50 13/18/12/18/13 030 085 17 00025 0000  3d2 +1 
117. crow                 01  -10 08/12/08/08/08 007 090 19 00008 0000  1d4 +0 
118. bear                 03    0 18/12/15/06/06 025 070 17 00028 0000  1d5 +1 
119. field laborer        01   40 12/11/13/09/08 009 090 18 00010 0005  1d5 +0 
120. farmer's wife        01   40 10/10/10/10/10 008 090 19 00008 0000  1d4 +0 
121. pixie                04   50 08/18/12/13/09 032 060 16 00040 0002  2d3 +1 
122. farmer               02   40 13/11/11/10/10 020 080 18 00015 0000  1d6 +0 
123. raccoon              01   10 10/14/10/10/10 007 090 19 00010 0000  1d5 +0 
124. bandit               05  -25 18/12/12/10/12 060 055 15 00070 0010  2d4 +2 
125. Countess Brianna     14  -50 25/18/16/13/25 160 000 06 00900 0500  5d5 +1 
126. guard captain        06  100 18/17/14/12/10 075 040 14 00140 0000  3d3 +3 
127. butcher              02   50 15/12/13/08/12 020 085 18 00015 0000  1d4 +0 
128. master chef          02   30 18/12/15/07/12 020 090 18 00020 0000  2d3 +0 
129. guard commander      07  100 20/18/12/15/10 090 030 13 00200 0010  4d3 +2 
130. palace guard         04   50 16/16/11/10/12 045 060 16 00060 0010  4d2 +0 
131. monster              05    0 21/20/12/04/04 060 060 15 00100 0000  4d2 +2 
132. giant octopus        10  -50 25/20/20/05/05 135 010 10 00325 0000  3d5 +3 
133. sea dragon           10  -75 25/20/20/12/08 135 000 09 00400 0100  5d4 +0 
134. rakshasa             10  -25 25/25/10/15/10 135 000 10 00350 0250  4d5 +0 
135. guardian ghost       10   25 20/20/15/15/11 125 030 10 00340 0000  3d6 +2 
136. black cave worm      06  -25 18/18/12/10/10 072 080 14 00120 0010  2d6 +0 
137. red cave worm        07  -50 18/18/13/10/10 086 050 13 00160 0000  2d6 +2 
138. grave digger         04   15 18/13/13/12/10 045 060 16 00045 0010  3d2 +0 
139. gardener             04   50 13/12/13/12/13 040 070 16 00050 0000  1d8 +0 
140. fire demon           10  -50 18/18/18/20/10 135 020 10 00360 0010  3d6 +2 
141. gargoyle             07    0 13/18/13/18/12 065 030 12 00150 0000  4d3 +2 
142. kopoacinth           06    0 15/18/12/12/12 060 040 14 00100 0010  4d3 +0 
143. wight                08  -50 18/13/15/12/18 105 030 12 00240 0000  4d4 +0 
144. white unicorn        10  200 18/18/18/15/15 135 000 10 00400 0100  5d4 +0 
145. black unicorn        10  100 18/15/13/18/18 135 000 08 00400 0100  5d4 +0 
146. mounted knight       05   80 17/17/11/10/12 055 020 16 00100 0015  2d4 +2 
147. dragon guardian      10  -75 20/20/13/20/10 135 030 10 00350 0100  4d4 +4 
148. phantom dragon       15  -50 20/20/15/20/14 200 000 04 00800 0250  5d6 +0 
149. dragon's ghost       13  -50 20/20/18/20/15 180 000 07 00650 0125  4d5 +4 
150. phantom ghoul        09 -100 20/18/13/15/14 110 010 11 00280 0100  4d4 +2 

  #  Name                 Lv Algn Stats          HP  AC  T0 Exp   Gold  Dice   
------------------------------------------------------------------------------
151. hunchback servant    07  -50 15/15/15/15/15 081 030 13 00180 0000  3d4 +0 
152. dungeon guard        10  -50 20/18/15/16/16 125 000 10 00350 0010  4d4 +4 
153. inquisitioner        08  -50 18/18/18/12/14 090 045 12 00225 0000  3d5 +1 
154. the crypt keeper     11  -50 20/18/18/18/14 190 020 09 00450 0000  5d4 +1 
155. mad scientist        10  -50 20/19/17/25/08 125 040 10 00360 0010  5d4 +0 
156. dungeon cook         08  -25 18/18/15/13/12 090 030 12 00225 0010  3d5 +0 
157. prisoner             01   25 05/05/05/05/05 010 090 20 00005 0000  1d4 +0 
158. prison guard         07   35 18/18/12/10/12 085 040 13 00150 0010  4d3 +2 
159. carp dragon          13  -50 18/22/18/18/13 160 000 06 00610 0800  4d6 +3 
160. the ghost of Deneb   15  125 18/20/22/25/15 200 000 05 01000 0000  6d4 +4 
161. cyclops              15  -25 25/25/15/13/15 210 -25 05 01000 2500  6d5 +0 
162. the ghost of Rowland 15  250 18/20/13/25/20 200 000 05 01000 0000  3d8 +3 
163. restless mage ghost  12  100 16/16/16/20/15 160 000 08 00550 0000  5d4 +4 
164. crypt rat            02  -10 13/18/12/08/12 020 090 18 00015 0000  1d6 +0 
165. librarian            10  100 15/15/15/25/12 125 050 10 00350 0000  3d4 +5 
166. visiting dignitary   07   50 15/15/13/13/15 080 040 13 00160 0010  3d4 +2 
167. prestidigitator      06   45 13/15/15/20/10 051 055 13 00110 0000  2d4 +2 
168. necromancer          09   25 15/20/13/22/10 075 010 10 00320 0010  4d4 +2 
169. sorceress            22  100 17/23/20/25/21 175 -10 04 01800 0250  6d4 +2 
170. occultate            12   75 20/18/13/24/20 120 030 08 00525 0000  5d4 +0 
171. giant venus fly-trap 10 -100 20/20/10/10/15 120 050 10 00350 0000  4d4 +3 
172. dining hall maid     04   50 15/15/12/10/13 040 080 16 00050 0003  2d4 +0 
173. butler               04   50 15/13/12/10/13 045 060 17 00050 0010  2d4 +0 
174. maid                 04   50 13/15/12/12/15 035 090 16 00040 0015  2d4 +0 
175. wheat harvester      01   50 15/12/13/08/12 009 090 18 00010 0005  1d4 +0 
176. master assassin      12  -75 18/18/18/18/18 138 010 07 00600 2000  2d10+6 
177. druid initiate       05   70 13/15/18/14/18 055 070 16 00070 0000  2d4 +1 
178. druid initiate       07   70 14/14/15/15/18 085 030 13 00160 0005  2d5 +4 
179. master druid initiat 12   80 16/17/18/18/18 165 -10 08 00600 0005  4d6 +1 
180. druid                15   90 18/18/18/18/18 200 040 08 00950 0010  3d9 +2 
181. archdruid            16  100 21/21/21/21/21 210 030 08 01100 0010  7d4 +2 
182. the Great Druid      17  120 22/20/18/25/25 220 -35 03 01200 0100  5d6 +1 
183. druidian guard       06  100 16/16/16/12/10 075 040 14 00140 0000  2d4 +4 
184. lumberjack           04   25 18/13/15/10/09 035 080 19 00060 0010  1d6 +2 
185. forest sprite        04   50 13/18/10/10/13 035 000 20 00050 0005  1d6 +2 
186. farm helper          02   25 18/13/12/08/09 020 090 20 00012 0005  1d4 +1 
187. the Great Wizard     25  -80 25/25/25/25/15 350 -50 -5 03000 2500  4d8 +0 
188. tree sprite          05   70 15/18/12/17/08 055 000 18 00075 0010  2d5 +0 
189. treant               05   70 18/05/13/16/10 060 080 17 00065 0010  1d8 +1 
190. nymph                05  -25 15/18/12/12/10 060 080 15 00070 0010  1d6 +2 
191. ogre                 10  -25 25/20/15/10/10 135 010 10 00350 0025  4d5 +1 
192. leprechaun           07   25 14/18/13/15/10 090 040 13 00150 0010  4d3 +2 
193. ravenous beast of Tr 07  -50 20/20/10/03/10 075 050 14 00200 0035  4d3 +3 
194. lycanthrope          05  -50 20/20/10/10/06 060 060 15 00100 0010  2d4 +2 
195. vulture              04  -50 15/20/13/05/08 035 000 20 00055 0000  2d3 +0 
196. sand worm            10  -30 20/20/20/10/05 130 000 12 00360 0000  3d6 +0 
197. ermordenung          08 -100 19/15/12/15/15 105 030 20 00200 0000  4d5 +0 
198. traveling minstrel   01   25 10/12/10/15/12 008 085 19 00008 0000  1d4 +0 
199. cold drake           07  -50 14/18/17/12/08 090 040 13 00200 0000  2d6 +0 
200. sewer orc            03  -50 18/13/12/08/12 025 070 17 00035 0010  2d3 +0 

  #  Name                 Lv Algn Stats          HP  AC  T0 Exp   Gold  Dice   
------------------------------------------------------------------------------
201. gypsy-bard           01   40 12/10/12/13/12 009 090 20 00008 0005  1d4 +0 
202. herald               02   25 13/15/12/12/12 010 080 19 00010 0020  1d6 +0 
203. blade                02  -25 13/15/10/10/10 018 070 18 00015 0010  2d3 +0 
204. skald                03    0 18/10/13/12/10 030 070 17 00035 0020  2d3 +1 
205. jongleur             01   25 12/18/10/10/12 010 090 18 00010 0000  1d4 +0 
206. meistersinger        02   25 12/18/10/16/12 015 080 19 00015 0000  1d6 +0 
207. tracker              04   30 16/17/10/12/10 035 060 16 00040 0005  2d3 +2 
208. traveler             02   50 15/18/10/13/12 019 080 18 00015 0010  2d3 +0 
209. barmaid              01   50 12/18/10/09/12 009 100 20 00005 0010  1d4 +0 
210. dwarven outcast      05   50 18/15/10/12/12 050 030 18 00070 0010  2d5 +0 
211. dwarven miner        04   50 18/15/10/13/10 045 065 17 00050 0010  2d3 +2 
212. red knight           08   80 18/18/16/12/10 105 000 14 00225 0000  2d6 +3 
213. grey knight          07   80 18/17/10/15/12 085 010 15 00160 0000  2d6 +2 
214. white knight         06   90 18/12/10/13/10 065 030 16 00120 0000  2d4 +2 
215. archer               05   50 18/13/10/15/12 060 050 15 00100 0000  3d3 +1 
216. marksman archer      07   50 18/18/10/12/10 080 030 13 00180 0000  2d6 +2 
217. sharpshooter archer  08   50 18/19/14/15/12 095 070 -5 00230 0000  3d4 +2 
218. alligator            05  -25 20/20/03/03/03 060 010 18 00090 0000  3d3 +0 
219. crocodile            06  -50 22/20/16/03/03 070 010 17 00140 0000  4d3 +0 
220. elven dignitary      05   25 13/18/09/15/10 055 060 15 00080 0010  2d4 +1 
221. dwarven dignitary    05   25 18/12/12/15/10 060 050 17 00080 0010  3d3 +0 
222. human dignitary      05   25 17/14/01/14/10 060 050 16 00075 0010  3d3 +0 
223. Izitara              15  100 18/21/20/18/18 210 -05 07 00900 1000  7d4 +2 
224. Lyrion               15   75 20/20/20/20/20 200 010 08 00950 0100  6d4 +4 
225. heifer               01   10 18/05/05/05/05 008 090 20 00005 0000  1d4 +0 
226. dairy cow            01   10 18/06/06/06/06 009 080 20 00005 0000  1d4 +0 
227. bull                 01   10 20/10/05/05/05 010 080 19 00010 0000  1d4 +0 
228. royal steed          02   20 20/10/05/05/05 013 080 19 00010 0000  1d6 +0 
229. traveling horse      01   10 13/10/05/05/05 006 080 20 00005 0000  1d4 +0 
230. stablehand           01   10 13/12/10/08/11 010 100 19 00007 0010  1d4 +1 
231. crypt guardian       15  100 20/20/20/20/15 200 000 05 01000 0100  6d4 +6 
232. the Adamantine Drago 25  250 25/25/25/25/25 425 -50 -5 03500 3000  6d6 +0 
233. Lord Aaileman        16  100 22/21/20/21/21 220 -30 04 01100 1200  4d8 +0 
234. Lady Drianna         15  100 18/21/20/22/20 205 -20 05 00900 1000  4d8 +1 
235. Illia                08   25 18/16/10/15/16 100 030 12 00210 0050  4d4 +0 
236. Drowlin              08   25 20/16/15/15/12 100 020 12 00200 0200  3d5 +0 
237. hobbit               01   50 16/18/10/15/10 008 090 19 00007 0002  1d4 +0 
238. pony                 01   25 20/16/10/06/12 010 090 20 00008 0000  1d4 +1 
239. yellow dragon        13  -50 23/20/13/22/06 135 -20 08 00700 0100  3d6 +3 
240. cyan dragon          15  -50 24/20/13/22/15 155 -25 07 01000 0150  6d3 +4 
242. gladiator            06   -5 18/15/10/12/04 065 040 15 00120 0000  2d4 +2 
243. dancing girl         01   25 13/15/10/08/09 007 100 20 00010 0000  1d4 +1 
244. the Mayor Millwood   16  -25 21/18/18/25/10 200 000 05 01100 0150  4d6 +3 
245. scarecrow            01    0 12/13/10/05/10 008 100 20 00005 0002  1d4 +0 
246. half-giant gladiator 09    0 24/16/20/05/08 120 010 11 00325 0150  3d5 +2 
247. human gladiator      07    0 20/18/16/05/05 080 050 13 00180 0100  4d3 +2 
248. mul gladiator        07    0 21/20/16/09/05 090 030 13 00200 0010  4d3 +3 
249. blue flying snake    05  -25 14/20/10/10/10 050 050 15 00070 0010  2d3 +1 
250. green flying snake   06    0 12/25/12/08/12 070 060 14 00110 0025  3d3 +0 
251. werewolf             05  -25 17/17/10/12/08 060 050 12 00085 0000  2d4 +0 

  #  Name                 Lv Algn Stats          HP  AC  T0 Exp   Gold  Dice   
------------------------------------------------------------------------------
252. large werewolf       06  -50 18/15/18/10/08 075 030 10 00140 0020  3d4 +0 
253. greater werewolf     07  -50 20/15/18/13/12 100 000 09 00160 0015  6d2 +2 
254. Countess Natasha de  20 -100 25/25/18/19/10 250 -10 00 01800 0100  4d6 +4 
255. blue knight          04   50 17/12/14/12/10 043 060 16 00055 0000  2d4 +0 
256. green knight         05   50 16/12/12/12/14 050 050 15 00085 0050  1d8 +2 
257. red knight           06   50 20/10/13/15/13 070 040 14 00120 0100  2d5 +2 
258. barbarian            03    5 18/15/16/05/06 032 080 18 00030 0010  1d5 +2 
259. barbarian            04    5 20/15/15/03/11 040 070 17 00050 0015  1d6 +2 
260. tribesman            04    5 20/16/10/13/12 045 060 16 00060 0015  2d4 +0 
261. grunt                02   10 20/13/10/06/08 024 080 18 00014 0000  3d2 +0 
262. grunt                03   10 20/13/12/06/08 032 070 18 00025 0000  3d2 +1 
263. tribesman            05    5 22/16/14/05/10 056 050 15 00090 0005  2d4 +2 
264. grunt                03   10 19/13/10/10/05 030 070 17 00030 0000  3d2 +1 
265. nun                  01   50 11/10/10/10/14 005 100 20 00004 0000  1d4 +0 
266. maiden               01   30 10/12/10/12/10 005 100 20 00004 0000  1d4 +0 
267. city guard           06   50 18/16/13/10/12 075 050 15 00110 0010  2d4 +2 
268. tribesman            06    5 20/10/16/09/10 075 040 14 00130 0010  3d4 +0 
269. savage               09    5 18/13/15/10/15 110 010 11 00300 0010  3d5 +2 
270. tower guard          07   50 20/17/13/10/10 085 030 13 00160 0010  4d3 +2 
271. barbarian guard      09    5 21/18/18/10/11 110 010 11 00310 0010  3d5 +3 
272. the barbarian chief  15    5 23/20/20/20/15 210 -20 05 01000 0000 10d2 +5 
273. shaman               15    5 20/20/20/20/21 205 070 10 00950 0050  4d6 +0 
274. disillusioned drunk  01   25 13/12/10/08/10 004 100 20 00004 0000  1d4 +0 
275. tavern guest         01   50 15/10/12/11/10 004 100 20 00004 0002  1d4 +1 
276. outraged student     01   10 15/10/12/18/10 006 100 20 00010 0000  1d5 +1 
277. salamander           07  -25 15/25/10/10/11 065 040 13 00150 0010  3d4 +2 
278. elven archer         04   15 18/20/10/13/11 045 080 16 00045 0010  2d4 +1 
279. holy knight          02  100 18/18/10/15/10 025 090 18 00010 0010  1d6 +1 
280. holy knight          03  100 18/18/10/13/15 031 070 17 00025 0015  2d3 +1 
281. knight               02    5 18/13/15/10/12 029 080 19 00010 0015  1d6 +1 
282. knight               03   50 18/16/13/15/11 030 060 18 00030 0020  2d3 +1 
283. green knight         07   50 20/18/10/12/11 085 050 13 00150 0050  3d4 +1 
284. blue knight          08   50 22/16/12/15/12 100 030 12 00210 0050  4d4 +0 
285. red knight           09   50 22/18/16/13/11 115 010 11 00300 0050  4d3 +6 
286. brutalizer           11   10 24/18/15/12/12 106 050 09 00450 0125  4d5 +2 
287. giant crayfish       05    0 18/25/10/05/05 050 000 18 00070 0000  2d4 +2 
288. giant crab           05    0 25/25/10/01/01 055 000 18 00070 0000  2d5 +0 
289. giant pike           03    0 15/25/10/01/01 020 070 18 00025 0000  1d7 +0 
290. giant gar            02    0 13/25/10/02/01 020 050 18 00010 0000  1d6 +1 
291. giant catfish        03    0 16/25/10/03/01 030 070 17 00030 0000  3d2 +1 
292. sea eel              03    0 10/20/15/02/02 025 100 17 00025 0000  2d3 +0 
293. giant sea horse      03    0 13/20/10/02/02 035 080 17 00020 0000  2d3 +0 
294. dolphin              06   15 16/25/10/10/10 075 070 13 00110 0000  3d4 +0 
295. octopus              08  -25 18/22/15/10/10 095 060 12 00220 0010  3d4 +2 
296. piranha              01    0 06/18/05/01/01 005 100 20 00005 0000  1d2 +0 
297. piranha              01   -5 07/18/03/01/01 006 090 20 00007 0000  1d3 +0 
298. great white shark    10  -10 18/20/10/05/05 125 070 10 00400 0000  3d6 +1 
299. mako shark           09    5 18/20/20/10/05 105 070 11 00300 0000  2d8 +2 
300. tiger shark          09    5 18/20/20/10/05 110 080 11 00300 0000  3d4 +2 
301. blue shark           08    0 18/20/20/08/05 090 060 12 00220 0000  2d8 +0 

  #  Name                 Lv Algn Stats          HP  AC  T0 Exp   Gold  Dice   
------------------------------------------------------------------------------
302. hammerhead shark     09   -5 18/20/20/10/05 110 040 11 00300 0000  3d6 +0 
303. gray shark           08    0 18/20/20/08/05 100 050 12 00240 0000  4d4 +0 
304. whale shark          09    0 18/20/20/12/05 120 030 11 00320 0000  4d4 +2 
305. tribesman            05    0 20/12/15/09/05 056 050 15 00080 0050  3d3 +1 
306. tribesman            06    5 21/13/20/10/05 065 040 14 00140 0100  4d3 +0 
307. selkie               07   25 18/22/10/12/10 085 050 13 00160 0025  3d4 +1 
308. midshipman           03  -10 18/16/12/11/10 035 075 17 00025 0015  1d8 +0 
309. buccaneer            06  -10 18/16/10/10/12 050 075 14 00120 0050  1d12+0 
310. swashbuckler         07  -10 18/16/16/11/12 085 065 13 00180 0050  3d5 +0 
311. pirate               09  -20 19/16/16/16/15 110 050 11 00300 0100  3d4 +0 
312. white pegasus        09  100 18/18/12/18/16 105 030 11 00325 0100  3d5 +2 
313. black pegasus        09   75 19/18/13/16/15 110 030 11 00300 0100  3d4 +2 
314. outraged pirate      08  -10 18/18/20/11/10 100 030 12 00240 0500  3d4 +4 
315. Mondrake the Cloud G 21  125 24/24/24/23/23 400 -45 -1 02000 5000  6d4 +10
316. Aetelos              01   25 18/13/10/18/08 010 100 20 00001 0010  5d1 +0 
317. Raspillion           10   25 10/20/20/20/15 120 050 15 00400 0250  2d10+0 
318. angry pirate         05  -10 18/16/10/11/10 060 050 15 00070 0040  4d2 +2 
319. pirate captain       12  -50 20/18/14/15/12 155 020 08 00600 0500  3d8 +2 
320. the Guardian         01   25 10/10/10/10/10 001 000 00 00000 0000  0d0 +0 
321. unemployed farmer    01   50 13/10/11/11/11 010 080 19 00012 0000  1d5 +0 
322. goblin               02  -50 18/14/13/08/10 025 050 18 00020 0010  2d3 +0 
323. large goblin         04  -50 18/13/14/08/10 040 050 16 00060 0010  3d2 +2 
324. baby goblin          01  -10 09/05/04/03/05 005 050 20 00005 0000  1d3 +0 
325. mother goblin        03  -50 18/12/12/08/10 025 070 17 00035 0010  3d2 +1 
326. goblin chief         05  -60 18/14/15/08/12 045 050 18 00075 0100  3d4 +0 
327. massive guard        07   50 20/18/12/12/10 090 030 13 00200 0000  4d3 +2 
328. first mate           10  -50 18/19/20/10/12 135 030 10 00400 0350  4d4 +4 
329. Nathan the Unicorn L 12  500 00/25/10/18/18 150 010 08 00600 0250  6d4 +4 
330. Annetol the Blue Dra 22 -100 25/25/20/25/20 350 -50 -2 02400 1000  6d4 +6 
331. paranoid wizard      09  -50 15/20/18/22/10 105 010 11 00325 0000  4d4 +1 
332. baby red dragon      18  -75 20/18/25/20/08 175 -10 03 01400 0250  4d6 +5 
333. cloud giant          15   25 25/18/20/03/04 185 -100 -1 01000 2500  3d4 +10
334. tranquility officer  10   25 25/20/10/13/12 125 000 10 00400 0500  3d6 +2 
335. guard lieutenant     10   50 25/20/12/11/13 125 000 10 00400 0300  4d4 +4 
336. guard captain        11   50 25/20/15/15/11 150 000 09 00500 0300  4d5 +0 
337. burglar              11  -25 15/25/15/15/15 140 060 09 00500 1000  5d4 +2 
338. cutthroat            12  -50 20/25/15/10/10 112 065 10 00500 0000  4d5 +9 
339. morality officer     10   25 25/15/15/11/12 125 000 10 00400 0125  4d4 +4 
340. desperate gambler    07   10 18/13/16/12/12 075 060 13 00160 0000  3d4 +0 
341. loan shark           09  -15 16/18/18/18/10 105 080 13 00250 0500  4d4 +2 
342. young cloud giant gu 12   50 25/10/20/13/12 140 000 08 00450 0500  4d4 +3 
343. Cygnus the Gold Drag 24  125 25/25/25/25/25 450 -50 -5 03500 10000 10d5 +0 
344. frost giant          15  -50 25/15/15/15/15 200 000 05 01000 2500  4d7 +4 
345. white dragon hatchli 12  -50 25/25/04/16/15 130 000 08 00600 0000  6d4 +0 
346. tirichik             12  -50 23/21/20/12/13 160 010 08 00600 0000  3d8 +0 
347. yeti                 14  -50 25/20/20/15/10 185 -20 06 00850 1500  4d7 +0 
348. glacier seal         05   25 18/18/12/10/10 050 070 15 00080 0000  1d10+0 
349. sled dog             05   10 16/18/10/12/10 055 070 15 00080 0000  2d5 +0 
350. polar bear           05    0 20/18/12/05/10 060 050 16 00080 0000  4d2 +2 
351. yellow faerie dragon 05   25 13/20/10/12/10 060 -10 00 00070 0010  1d4 +2 

  #  Name                 Lv Algn Stats          HP  AC  T0 Exp   Gold  Dice   
------------------------------------------------------------------------------
352. green faerie dragon  09   25 18/24/16/12/10 090 -30 -2 00250 0050  1d10+0 
353. blue faerie dragon   10   50 18/24/10/20/13 135 -60 -5 00340 0250  5d4 +0 
354. eagle                05    0 15/22/09/10/10 050 -60 15 00070 0000  2d5 +0 
355. skeletal lord        10  -50 18/18/15/15/10 135 000 10 00400 0250  3d6 +1 
356. skeletal warrior     07  -50 18/13/15/15/05 085 030 13 00160 0250  2d6 +2 
357. red abishai          05 -100 18/15/10/15/08 060 100 15 00070 0125  1d8 +0 
358. blue abishai         06 -100 18/16/10/05/20 075 080 14 00125 0250  2d6 +0 
359. green abishai        07 -100 16/15/10/10/19 090 070 13 00160 0350  2d6 +2 
360. white abishai        08 -125 18/20/10/15/15 105 050 12 00220 0350  2d8 +0 
361. black abishai        09 -250 18/16/10/18/18 120 030 11 00300 0500  3d6 +0 
362. barbed devil         08 -100 18/13/16/14/10 100 000 14 00250 0250  5d3 +1 
363. frost giant          15  -50 22/10/13/10/12 165 -10 00 01000 2500  7d4 +0 
364. Brumfundl the Frost  19 -125 25/20/20/20/20 260 -45 01 01600 25000  5d7 +10
365. Ygorl                23 -125 24/24/24/25/25 420 -75 -5 03200 3500  6d12+6 
366. ice troll            05  -50 18/16/10/14/09 060 045 17 00070 0350  3d3 +1 
367. giant troll          12 -100 20/10/25/20/11 165 010 08 00600 3500  3d8 +1 
368. sahuagin warrior     10  -50 18/20/20/16/10 125 050 11 00400 0000  3d6 +2 
369. sahuagin lieutenant  12  -50 18/20/20/18/10 150 040 10 00600 2500  3d6 +4 
370. sahuagin priestess   14  -50 16/18/16/20/25 180 060 10 00850 3500  1d20+5 
371. sahuagin chieftain   16  -50 23/25/15/20/15 215 000 04 01150 4000  4d6 +5 
372. Marbella the Arch Ma 26  100 13/25/25/25/16 105 -100 00 01800 25000  2d10+5 
373. mastiff dog          05   20 18/10/15/10/05 050 090 10 00075 0000  2d4 +0 
374. stowaway             06    0 18/16/12/12/10 070 060 14 00110 0060  2d4 +2 
375. drowned sailor       08  -20 18/14/16/12/12 100 040 13 00220 0400  4d4 +0 
376. animated pirate      10  -50 19/16/16/18/12 125 000 10 00345 0500  4d4 +2 
377. large otyugh         07  -25 19/09/18/10/10 085 030 13 00180 0035  2d6 +2 
378. wine maid            02   20 15/10/10/10/10 015 075 19 00020 0015  1d6 +0 
379. kelp creature        10  -25 18/14/20/15/10 130 040 12 00355 0150  5d3 +4 
380. watersoaked sailor   07  -20 17/15/15/12/12 080 065 13 00150 0200  2d5 +2 
381. scavenger            06  -10 16/13/17/10/10 065 030 14 00085 0120  3d3 +2 
382. captain's parrot     03    0 15/15/15/08/08 030 095 18 00040 0002  1d6 +1 
383. the chief bosun      16  -25 23/20/20/20/15 220 010 04 01100 0600  5d6 +2 
384. skeleton of a hobbit 05  -25 15/15/15/10/10 1000 050 10 00150 0500  1d3 +0 
385. giant jellyfish      07    0 17/19/14/10/10 080 050 13 00180 0050  2d5 +4 
386. gypsy dancer         02    0 13/15/12/12/12 012 080 19 00018 0020  1d6 +0 
387. gypsy fire eater     02    0 14/14/12/12/12 012 080 19 00020 0025  3d2 +0 
388. musician             03    0 16/15/13/13/12 030 070 18 00025 0030  1d6 +1 
389. gypsy chief          05    0 16/12/12/12/11 060 050 15 00100 0100  3d3 +1 
390. fortune teller       04    0 14/14/13/15/12 040 060 16 00065 0050  2d4 +0 
391. the king of the gyps 07    0 18/17/13/12/12 080 050 13 00200 0300  4d3 +2 
392. Madame Nicolov       07    0 17/17/12/12/12 080 060 13 00180 0240  3d4 +1 
393. animal trainer       04    0 14/13/12/14/12 035 065 16 00040 0030  2d3 +2 
394. pegasus colt         05   50 20/20/12/05/05 050 060 15 00075 0025  2d5 +0 
395. young griffon        04    0 18/12/00/10/10 040 065 16 00040 0020  3d2 +1 
396. dancing bear         05    0 21/12/18/08/05 060 050 15 00080 0010  3d3 +1 
397. the foreman          08  -25 18/16/16/14/12 095 040 12 00235 0050  5d3 +1 
398. grape picker         03    0 17/15/10/08/10 025 070 17 00030 0020  2d3 +1 
399. flatulent mule       04    0 18/15/18/08/06 040 065 16 00040 0010  2d3 +1 
400. dancer               04    0 16/17/12/12/12 045 060 16 00055 0030  2d4 +0 
401. gate guard           12   35 20/15/15/15/15 160 010 08 00550 0500  3d8 +0 

  #  Name                 Lv Algn Stats          HP  AC  T0 Exp   Gold  Dice   
------------------------------------------------------------------------------
402. bandit               08  -25 18/18/03/03/10 090 020 12 00225 0300  4d4 +0 
403. grass golem          05  -50 15/15/12/10/10 050 070 15 00040 0000  2d4 +2 
404. bandit leader        10  -35 18/18/18/12/12 130 000 10 00350 0500  4d4 +3 
405. Matriess the Destroy 14 -100 23/20/23/06/10 180 -20 06 00850 1000  3d9 +1 
406. Danzig the Powermong 15 -250 20/20/20/15/15 200 -25 05 01000 0700  5d6 +0 
407. deformed ogre        11  -50 25/20/15/15/10 150 000 09 00680 0250  4d5 +2 
408. sewer troll          07  -50 20/16/14/12/09 075 030 13 00160 0250  2d7 +0 
409. tourist              01   10 13/10/10/10/10 010 100 19 00005 0005  1d4 +0 
410. lifeguard            04   10 16/18/10/10/10 040 080 16 00050 0005  2d3 +2 
411. Barney the dinosaur  20  150 24/22/23/20/20 280 -10 00 01800 4000  5d6 +2 
412. dumb looking guard   03    5 13/05/10/07/10 030 080 17 00035 0010  2d3 +1 
413. water fairy          05   40 13/18/10/15/06 050 065 15 00075 0010  2d3 +3 
414. weretiger            12  -50 21/14/20/15/10 160 -10 08 00600 0500  6d3 +4 
415. frost salamander     10  -35 20/15/15/15/15 130 000 10 00400 0300  4d4 +4 
416. demonic toad         15  -50 23/18/18/18/18 210 000 05 00900 0500  5d4 +5 
417. highwayman           05  -20 13/13/11/11/11 045 060 15 00065 0035  1d9 +1 
418. giant leech          09  -50 16/16/16/16/16 105 030 11 00250 0000  2d5 +4 
419. water maggot         01    0 05/05/05/05/05 005 100 20 00004 0000  1d2 +0 
420. green shit fly       01    0 08/10/08/06/06 006 100 20 00001 0000  1d1 +0 
421. nixie maiden         04   75 08/13/15/15/15 035 080 17 00060 0005  1d6 +2 
422. nixie                06   75 16/16/16/10/10 065 060 14 00120 0010  2d5 +1 
423. poisonous toad       02    0 08/08/08/08/08 017 090 19 00012 0001  1d6 +0 
424. green water naga     12   10 18/18/18/18/15 160 010 08 00600 0300  2d10+4 
425. giant frog           03    0 13/11/11/11/11 030 080 17 00025 0010  2d2 +2 
426. the mottled worm     22  -50 25/20/20/20/20 500 -20 03 02200 2000  5d6 +4 
427. giant water spider   06  -25 18/15/15/10/08 065 045 15 00110 0010  3d4 +0 
428. water moccasin       07    0 18/16/12/14/12 075 065 13 00160 0000  2d6 +0 
429. water moccasin       07    0 18/16/14/14/12 085 065 13 00180 0020  2d6 +1 
430. clerk                02    0 12/12/10/12/12 025 080 18 00020 0025  3d2 +0 
431. woodsman             07  100 22/13/14/12/10 080 050 13 00200 0100  5d3 +0 
432. harpy                05  -50 18/12/12/10/08 055 060 15 00085 0030  1d10+0 
433. Captain Morgan       15  -50 23/23/18/18/12 235 -10 05 01000 0500  4d6 +3 
434. chipmunk             01    0 10/12/12/10/08 006 100 20 00002 0000  1d3 +0 
435. Xandaus the hermit   10   50 20/20/12/20/12 130 070 12 00400 0200  4d4 +2 
436. blind beggar         01   10 06/06/06/06/06 003 100 20 00001 0003  1d3 +0 
437. dwarven gladitor     09  -10 20/18/18/12/10 110 010 11 00320 0000  4d3 +6 
438. half-giant gladiator 07  -20 22/12/15/08/04 075 040 12 00200 0000  5d2 +4 
439. gladiator            05  -10 16/18/10/08/08 050 030 15 00080 0000  2d4 +1 
440. gladiator            09  -25 20/20/15/12/08 110 020 11 00300 0000  4d4 +2 
441. heavily armored thug 10 -100 20/20/15/15/15 135 -20 10 00400 1575  3d6 +1 
442. peeping tom          01 -100 12/12/12/10/10 010 100 20 00010 0005  2d2 +0 
443. shadow cat           15    3 16/25/16/20/20 195 -20 05 00950 0600  6d4 +1 
444. blink dog            09    5 16/18/12/15/16 110 000 14 00300 0040  4d4 +2 
445. stone statue         18    0 25/20/20/20/20 240 -20 04 01400 0500  8d3 +3 
446. stirge fly           05   10 12/17/10/10/10 060 050 16 00100 0030  3d3 +1 
447. quasit               12   35 20/17/17/14/20 160 040 08 00550 0250  3d7 +4 
448. daydreaming maiden   06   15 14/14/14/14/14 085 080 14 00150 0050  2d5 +2 
449. rainbow mist         12    0 18/18/18/18/18 300 100 -5 00500 0000  2d3 +3 
450. garden keeper        12  -10 18/18/18/18/18 155 020 08 00550 0200  6d4 +0 
451. Vlassen the Wise     01  100 01/01/01/25/25 000 000 00 00000 0000  0d0 +0 

  #  Name                 Lv Algn Stats          HP  AC  T0 Exp   Gold  Dice   
------------------------------------------------------------------------------
452. grape picker's kid   03   -5 11/15/10/10/11 030 080 17 00020 0005  2d3 +0 
453. farmer's daughter    04  -10 12/16/10/10/10 035 075 16 00045 0020  2d4 +0 
454. card player          05    0 13/13/11/11/11 050 065 15 00050 0100  4d2 +2 
455. wooden soldier       01    0 10/10/10/04/04 010 090 20 00008 0000  2d2 +0 
456. mechanical rabbit    02    0 12/13/12/06/05 012 090 19 00010 0000  1d5 +0 
457. large crow           04    0 12/15/12/12/04 030 070 16 00025 0025  2d4 +1 
458. blackbird            06  -10 15/18/12/12/04 050 060 14 00125 0050  2d6 +0 
459. Elise of the White M 15  750 17/16/16/25/25 000 000 00 00000 0000  0d0 +0 
460. the undertaker       15    0 18/10/16/16/18 350 010 -5 00500 0500  7d4 +0 
461. Jactac the Raven     10    0 16/16/18/16/16 135 -05 12 00400 0050  4d5 +0 
462. Khallazar the Alchem 20  -25 20/20/20/25/22 250 -20 00 01800 8000  5d7 +0 
463. gold gremlin         05  -20 12/18/10/10/10 055 065 15 00090 0200  3d3 +1 
464. small gold gremlin   04  -10 10/12/12/12/12 040 080 12 00060 0100  2d4 +0 
465. Jason the bridge gua 08    0 16/16/16/12/15 100 025 12 00220 0100  2d8 +0 
466. apprentice jeweler   06    0 14/14/14/14/14 075 040 14 00140 0050  2d6 +0 
467. master jeweler       09    0 16/16/16/16/16 120 010 11 00320 0100  3d6 +0 
468. the Chief Jeweler    15    0 20/20/20/20/20 210 -25 05 01000 0500  2d10+10
472. mud creature         05  -10 14/10/16/08/10 050 040 16 00100 0000  1d10+0 
473. swamp snake          03  -10 15/15/10/10/06 025 070 17 00030 0000  1d6 +1 
474. giant swamp spider   09  -25 16/20/12/18/12 115 020 11 00310 0000  1d14+4 
475. forest bandit        06  -20 15/12/14/15/12 075 040 16 00140 0050  2d6 +0 
476. rogue                07    0 15/15/15/15/15 090 030 13 00200 0100  3d4 +2 
477. forestry bandit      05  -20 12/12/12/12/12 060 050 15 00100 0040  1d10+0 
478. maiden               08   20 16/18/12/16/16 100 030 12 00250 0050  1d12+4 
479. satyr                09  -20 16/18/16/12/16 110 015 11 00300 0050  4d4 +2 
480. crippled sailor      03  -10 12/10/12/12/14 030 070 17 00030 0010  1d7 +0 
481. welfare clerk        01  -10 12/12/10/12/08 010 090 00 00010 0005  2d2 +1 
482. Draknal the Death Kn 20 -200 25/15/24/20/20 320 -40 -8 03000 35000  6d6 +3 
483. the ghostly blacksmi 22 -100 25/25/20/22/20 350 -70 -4 02600 3000 10d7 +0 
484. little match girl    01  200 10/10/10/10/15 008 -50 -10 00001 0000 50d3 +0 
485. greater skeleton     10   10 18/10/18/14/18 160 -10 07 00400 0200  3d6 +3 
486. savage ghoul         12 -100 22/20/20/16/15 170 -10 08 00450 0250  5d5 +0 
487. ghast                10  -20 18/18/14/14/14 150 -25 07 00350 0300  4d4 +3 
488. the Demilich         20 -100 18/25/25/25/25 350 -50 -10 01800 25000 10d4 +5 
490. juju doctor          15  -50 21/20/18/18/24 180 -20 05 01000 0400  5d6 +0 
491. animated corpse      07  -20 20/10/20/05/20 090 030 13 00200 0030  1d14+0 
492. fire walker          04  -10 12/13/13/12/12 040 065 16 00060 0015  1d8 +0 
493. decaying zombie      03  -15 12/08/15/08/18 025 070 17 00030 0005  2d3 +0 
494. peg-legged pirate    07  -10 15/18/15/10/12 090 030 13 00200 0040  3d4 +1 
495. bosun's mate         08  -20 18/16/16/14/12 105 020 12 00240 0040  2d8 +0 
496. cabin boy            02  -10 13/15/10/10/10 020 080 18 00015 0010  1d6 +0 
497. rum worker           05   10 18/15/13/10/12 060 050 15 00100 0020  2d4 +2 
498. foreman              10   20 20/15/17/17/15 135 000 10 00380 0060  3d6 +0 
499. snot-nosed troll     06  -15 13/15/15/12/14 065 045 14 00120 0020  2d5 +0 
500. second mate          12  -30 20/18/18/18/17 160 -05 08 00575 0100  3d6 +4 
501. security guard       07   35 19/18/12/14/12 085 030 13 00180 0100  3d4 +1 
502. goblin guard         05  -35 18/09/15/04/06 050 060 15 00065 0035  3d2 +2 
503. goblin priest        06  -40 17/12/10/16/18 048 070 16 00070 0080  1d8 +2 
504. goblin cleric        05  -20 16/10/10/14/16 042 070 16 00045 0030  3d2 +1 
505. goblin follower      03  -25 16/12/08/10/14 024 070 18 00020 0020  2d2 +2 

  #  Name                 Lv Algn Stats          HP  AC  T0 Exp   Gold  Dice   
------------------------------------------------------------------------------
506. goblin follower      04  -25 16/12/10/13/14 033 065 17 00028 0030  2d4 +0 
507. Bythme the Golbin Pr 08 -100 18/14/14/16/19 085 035 14 00210 0200  3d4 +2 
508. Ghelta               07  -60 12/16/08/18/12 055 080 16 00150 0100  2d4 +1 
509. goblin captain       06  -40 18/15/14/08/09 060 050 14 00085 0060  3d3 +2 
510. goblin prisoner      02   20 14/12/06/10/10 012 090 18 00010 0000  1d4 +1 
511. goblin offering      01    0 12/12/08/08/08 006 095 18 00008 0000  1d2 +1 
512. ueslmok              07 -200 20/18/20/10/05 065 030 15 00200 0250  3d3 +4 
515. drunken dwarf        07    0 18/14/16/15/12 080 030 13 00180 0040  3d4 +1 
516. dwarven bartender    09    0 18/14/16/15/14 110 010 11 00300 0100  3d6 +0 
517. dwarven waitress     05    0 15/12/14/14/14 050 050 15 00080 0050  1d10+0 
518. voodoo firemaster    15   50 22/20/18/20/21 205 -25 05 00900 0200  2d14+0 
519. piano player         03   20 12/15/10/13/10 025 075 17 00030 0008  1d7 +0 
520. harlot               05  -15 13/15/13/13/12 050 055 15 00080 0025  3d3 +0 
521. trollop              07  -20 15/16/14/15/14 080 035 13 00175 0040  2d6 +2 
522. floozy               04  -10 14/14/12/10/13 045 065 16 00060 0020  3d2 +2 
523. Madame Ruthie        12  -20 18/15/20/18/17 160 -10 08 00550 0100  4d5 +4 
524. naked pirate         08  -10 18/18/20/11/10 100 030 12 00250 0100  3d4 +4 
525. alley cat            03   10 12/12/18/09/10 030 070 17 00030 0003  1d6 +0 
526. elven alley cat      05  -10 15/15/15/08/07 050 050 15 00090 0010  3d3 +1 
527. the Pink Lady        12   50 18/12/20/20/20 165 -10 08 00580 0120  4d5 +2 
528. shadow sentinel      18    0 24/18/15/13/10 200 -50 05 00800 2400 10d2 +5 
529. incorporeal ghost    15    0 17/18/10/25/25 160 000 06 00850 1500  4d6 +0 
530. vengeful spirit      14 -150 13/18/10/25/25 140 030 06 00650 1500  4d4 +4 
531. groaning banshee     16 -150 18/18/10/25/25 160 040 02 00950 2500  5d6 +0 
532. incorporeal spirit   14  100 16/18/10/25/25 125 000 04 00700 1250  4d4 +4 
533. wailing banshee      17 -150 18/18/13/25/25 180 000 02 01000 10000  5d7 +0 
534. shriek               16   50 18/18/13/25/25 170 -10 04 00800 2000  5d6 +2 
535. small leprachaun     05   25 12/18/10/14/12 060 050 15 00080 0000  2d4 +2 
536. tree sprite          04   70 12/18/06/12/14 000 000 00 00060 0008  1d8 +0 
537. pixie                06   10 15/18/10/14/13 075 040 14 00125 0020  2d5 +2 
538. swordwraith          13  -50 18/13/10/15/11 165 -15 07 00650 0000  2d10+5 
539. soul beckoner        14 -250 16/20/22/20/22 185 -20 06 00750 1000  2d12+3 
540. destitute beggar     01    0 03/03/03/03/03 001 100 20 00001 0001  1d1 +1 
541. drunken sailor       07   -5 15/15/15/15/15 090 030 13 00200 0025  3d4 +2 
542. poltergeist          18  -40 19/17/13/17/18 210 000 02 01100 4000  6d5 +4 
543. groundskeeper        05    4 20/10/16/08/13 065 050 15 00100 0025  3d3 +1 
544. pirate lookout       10  -10 20/20/20/13/12 130 000 10 00375 0100  3d6 +2 
545. lost soul            14    0 20/20/20/13/13 145 000 07 00375 0150  5d4 +2 
546. crypt guardian       12   10 20/20/18/12/15 155 -10 08 00550 0550  6d4 +0 
547. Theodenes            17  100 21/20/21/22/22 230 -32 03 01250 0400  4d9 +0 
548. someone              01    0 03/03/03/03/03 001 100 20 00000 0000  0d0 +0 
549. the dracolich        24 -500 25/25/25/10/10 400 -90 -8 04000 60000  9d4 +11
550. Onydonn dragon culti 10  -15 17/17/17/13/13 140 035 08 00400 0200  2d12+0 
551. screeching old harri 15 -100 20/21/20/20/20 210 -20 05 01000 0800  6d5 +0 
552. viscount ghost       10  -50 17/18/17/17/16 130 000 08 00375 0100  4d5 +2 
553. viscount shade       10 -100 17/18/17/16/17 135 000 07 00400 0100  5d4 +2 
554. the desk clerk       07   20 15/16/16/14/14 090 030 13 00180 0050  3d5 +0 
555. Tharonwold           18    0 25/20/22/23/20 250 -40 02 01400 1000  5d6 +5 
556. dancemaster          07    0 13/20/12/15/15 080 030 13 00160 0050  1d12+2 
557. courtier             06    0 15/14/14/14/14 070 040 14 00130 0040  3d4 +0 

  #  Name                 Lv Algn Stats          HP  AC  T0 Exp   Gold  Dice   
------------------------------------------------------------------------------
558. Minnie the potion de 05  100 10/10/25/25/10 2000 050 15 00100 2000  1d3 +0 
559. cat                  02   50 10/20/11/25/24 050 -100 -10 02000 0000  3d6 +0 
560. Kasmier              18 -100 16/25/10/16/15 150 000 03 01450 3500  1d10+10
561. apparition           01  100 11/11/11/11/11 000 000 00 00000 0000  0d0 +0 
562. the caretaker        12 -100 18/18/18/18/18 165 -10 08 00600 0200  4d6 +0 
563. bratty kid           03    0 12/12/12/12/12 040 070 17 00035 0005  1d7 +0 
564. dirty urchin         02    0 12/12/10/12/12 018 080 18 00015 0005  2d3 +0 
565. nasty little troll   04   -5 13/13/13/13/13 045 060 16 00065 0025  3d2 +2 
566. ugly fat kid         05    0 15/13/13/13/13 060 050 15 00100 0030  2d4 +2 
567. sweet little girl    05   20 15/13/13/16/10 045 050 15 00100 0030  3d3 +1 
568. green knight         04   50 13/13/10/10/15 035 075 16 00065 0020  2d4 +0 
569. red knight           05   50 14/14/10/10/17 050 055 15 00100 0030  2d5 +0 
570. white knight         06   50 15/15/11/11/17 065 045 14 00140 0035  3d4 +0 
571. green knight         07  100 16/16/14/14/16 080 035 13 00200 0040  2d6 +2 
572. red knight           08  100 17/17/14/14/16 100 020 12 00250 0045  3d5 +1 
573. white knight         09  100 19/19/12/15/16 110 010 11 00325 0050  3d6 +0 
574. the puppetmaster     09    0 16/20/14/16/14 120 010 11 00320 0050  2d8 +2 
575. puppeteer            07    0 15/18/12/16/14 080 030 13 00160 0040  3d4 +2 
576. dragon puppet        04    0 13/13/16/10/12 040 060 16 00065 0010  2d4 +0 
577. pirate puppet        03    0 13/15/10/10/10 030 070 17 00035 0005  2d3 +1 
578. werewolf puppet      03    0 15/13/10/09/12 030 070 13 00035 0005  3d2 +1 
579. pegasus puppet       02    0 13/13/10/10/09 020 080 18 00015 0005  2d3 +0 
580. druid puppet         03    0 13/15/10/11/11 030 070 17 00035 0008  2d3 +1 
581. the snake charmer    12    0 20/20/14/18/18 160 -10 08 00600 0200  5d5 +0 
582. dwarven janitor      03    0 12/12/10/08/14 030 070 17 00035 0050  1d4 +2 
583. tree spider          04  -20 15/15/15/10/10 045 060 16 00060 0000  1d8 +0 
586. large ettercap       12  -50 22/21/19/15/15 160 -10 08 00600 0200  4d6 +0 
587. ettercap             10  -50 20/20/17/14/13 135 000 10 00400 0100  3d6 +2 
588. the Ettercap Matron  21 -200 25/20/25/24/25 300 -60 -2 02200 0500  8d7 +0 
589. baby ettercap        06  -50 15/16/15/10/12 075 040 14 00140 0020  3d4 +0 
590. two-headed asp       04    0 12/20/08/10/10 030 070 16 00060 0000  2d4 +0 
591. acid snake           05  -10 12/22/16/09/09 060 050 15 00100 0000  3d3 +1 
592. baby viper           01  -10 11/18/08/09/09 007 100 19 00005 0000  1d5 +0 
593. baby viper           02  -10 10/20/10/09/09 015 085 18 00012 0000  1d6 +0 
594. mugger               08  -10 22/13/18/12/13 100 020 12 00240 0250  5d3 +3 
595. deformed ogre        14  -20 22/20/22/14/15 190 -20 06 00820 0100  4d7 +0 
596. drunken ghost        08  -10 15/15/15/15/18 100 020 12 00225 0050  4d4 +2 
597. orcish waitress      07    0 15/15/15/15/15 090 030 13 00200 0100  3d4 +2 
598. pink drake           12    0 20/20/20/16/15 160 -10 08 00600 0100  6d4 +0 
599. elite vault guard    10    0 21/17/15/10/05 090 030 06 00300 0300  4d3 +10
600. bible thumper        04   25 13/10/12/10/22 040 060 16 00060 0040  2d4 +0 
601. bearded lady         05   20 16/15/15/10/13 050 050 15 00080 0020  2d5 +0 
602. dog faced boy        05   10 15/15/12/13/13 055 050 15 00080 0035  2d4 +2 
603. weight lifter        06    0 22/12/18/06/06 075 040 14 00140 0040  4d2 +5 
604. clown                05   10 13/13/12/14/14 055 050 15 00100 0025  3d3 +1 
605. street mime          05    0 14/21/14/12/09 060 050 15 00090 0090  1d8 +2 
606. Trantori the High In 22  100 23/23/24/25/25 320 -60 -4 02500 0500  5d10+5 
607. massive toad         05  -20 14/14/14/08/16 050 050 15 00100 0010  1d10+0 
608. elven maiden         08   25 15/17/12/18/06 100 020 12 00240 0150  4d4 +2 
609. elven bowyer         12   10 19/22/16/20/18 165 -05 08 00550 0100  5d4 +3 

  #  Name                 Lv Algn Stats          HP  AC  T0 Exp   Gold  Dice   
------------------------------------------------------------------------------
610. Llanandar            16  100 21/21/21/21/21 220 -30 04 01150 0300  5d6 +1 
611. master training thie 04   -5 12/12/18/09/09 035 060 16 00050 0020  1d8 +0 
612. master training thie 05   -5 13/13/18/12/12 050 050 15 00080 0030  1d10+0 
613. master training thie 06  -10 14/14/20/12/11 065 040 14 00120 0050  1d12+0 
614. red-robed wizard     20    0 24/24/24/24/24 285 -50 00 01800 0400  5d5 +15
615. red-robed wizard     20    0 24/24/24/24/24 285 -50 00 01800 0400  5d5 +15
616. beautiful mage       20    0 24/24/24/24/24 285 -50 00 01800 0400  5d5 +15
617. red-robed wizard     20    0 24/24/24/24/24 285 -50 00 01800 0400  5d5 +15
618. werewolf bitch       14 -200 20/20/20/18/20 190 -20 06 00820 0200  4d7 +0 
619. elderly woman        20    0 24/24/24/24/24 285 -50 00 01800 0400  5d5 +15
620. jade tiger           20    0 24/24/24/24/24 285 -50 00 01800 0400  5d5 +15
621. red-robed sorceress  25  100 25/25/25/25/25 500 -80 -10 05000 1000  6d6 +14
622. old man's face       20    0 24/24/24/24/24 285 -50 00 01800 0400  5d5 +15
623. griffon statue       20    0 24/24/24/24/24 285 -50 00 01800 0400  5d5 +15
624. three-headed snake   25    0 10/10/08/08/10 008 100 20 00008 0000  1d2 +0 
625. three-headed snake   25    0 10/10/08/08/10 008 100 10 00008 0010  1d2 +0 
626. Hab                  20  100 24/24/24/24/24 285 -50 00 01800 0400  5d5 +15
627. Nab                  20  100 24/24/24/24/24 285 -50 00 01800 0400  5d5 +15
628. and Yab              20  100 24/24/24/24/24 285 -50 00 00000 0000  0d0 +0 
629. the High Templar     20  200 24/24/24/24/24 275 000 -10 01000 0300  1d1 +1 
630. drow cleric          08  -25 18/15/10/17/21 000 000 00 00000 0000  0d0 +0 
631. drow mage            09  -20 12/17/12/21/18 000 000 00 00000 0000  0d0 +0 
632. dorw assassin        10  -20 18/22/14/15/09 000 000 00 00000 0000  0d0 +0 
633. drow assassin lord   14  -35 19/22/14/15/12 000 000 00 00000 0000  0d0 +0 
635. kitten               01    5 08/15/08/04/06 005 080 18 00002 0000  1d4 +1 
636. final exam           02  -10 10/10/10/15/10 010 060 17 00009 0005  1d4 +2 
637. irate professor      02    0 12/08/08/14/08 012 065 17 00008 0001  1d4 +1 
650. lag                  05    0 18/18/12/18/18 020 080 10 00020 0100  2d4 +0 
651. crystalline warrior  15  100 22/18/25/25/25 210 -25 05 00900 0500  6d4 +4 
652. High Priestess Cally 25  100 16/23/13/18/25 250 -03 03 01800 0100  3d6 +3 
653. mother troll         10  -50 20/18/12/12/22 120 000 10 00375 0300  4d5 +1 
654. shadow ninja         14  -50 21/20/19/18/21 200 -20 06 00850 1000  7d4 +0 
655. Matriarch Alliyana o 22  125 23/24/24/24/24 325 -50 -4 02500 2500  4d10+4 
656. altar boy            04   10 13/13/10/13/16 040 060 16 00060 0012  1d6 +2 
657. awakened sasquatch   13  -50 20/16/20/14/20 190 -10 10 00600 1000  5d5 +0 
658. crystalline vampire  08  -30 18/18/16/16/16 100 020 12 00250 0200  4d4 +0 
659. imperial crystalline 18  200 25/20/25/18/18 260 -45 -1 01450 2000  5d6 +0 
660. Lord Kree of the Cry 21  250 25/18/20/25/25 300 -60 00 02200 5000  5d8 +2 
661. allosaurus           14 -100 20/15/10/13/11 170 050 06 00850 0000  6d4 +0 
662. ceratosaurus         06    0 14/14/16/12/12 075 040 14 00140 0000  3d4 +0 
663. tyrannosaurus rex    20 -150 25/18/20/13/15 275 020 -1 01800 4000  4d6 +4 
664. slobbering caveman   05    0 16/15/16/03/03 055 050 15 00100 0100  5d2 +0 
665. anklosaurus          07    0 20/13/20/07/07 075 020 13 00200 0000  2d6 +2 
666. brontosaurus         15    0 24/15/22/11/15 200 003 07 01000 0000  5d5 +5 
667. stegosaurus          14    0 20/21/22/09/14 140 020 06 00800 0000  4d6 +4 
668. triceratops          09    0 20/18/18/10/10 125 030 12 00320 0000  3d6 +0 
670. copper dragon        22  100 25/25/24/24/24 350 -80 -8 00000 0000 60d5 +0 
671. mountain troll       03  -20 12/12/12/11/10 030 070 17 00035 0010  1d6 +1 
672. the Witch of Kayleig 22 -200 24/25/25/24/25 340 -70 -4 02600 5000  3d12+2 
673. Silventh the Warlock 20 -200 25/25/25/22/22 280 -50 00 01800 4000  3d10+2 

  #  Name                 Lv Algn Stats          HP  AC  T0 Exp   Gold  Dice   
------------------------------------------------------------------------------
674. black cat            07  -50 14/14/20/10/10 090 030 13 00200 0000  4d3 +2 
675. ghostly armormaster  18   50 24/22/18/22/22 250 -40 02 01400 0000  8d4 +4 
676. the sludge monster   15    0 21/20/20/20/20 205 -25 05 01000 0500  4d7 +0 
677. gray cat             10 1000 16/22/25/10/10 135 000 10 00400 0200  4d4 +4 
678. Brownhaven guard     04    0 16/14/15/10/10 060 060 16 00060 0020  2d4 +0 
679. the Hydrapede        21 -100 25/24/24/24/24 300 -60 -2 02000 0000  4d10+2 
680. aboleth              20  -50 24/20/16/22/20 320 -40 -2 01600 2500  5d6 +2 
681. large aboleth        22 -150 25/24/22/24/22 375 -50 -3 02000 3000  7d5 +5 
682. baby aboleth         15  -50 18/18/18/20/16 200 -25 05 01000 0500  5d5 +4 
683. the Power Ranger     22  150 25/22/20/20/22 350 -70 00 03000 10000  6d6 +4 
684. angry aboleth        21 -200 25/22/20/22/22 335 -01 -3 01800 2000  6d6 +2 
712. castle guard         09  100 17/16/16/16/16 120 010 11 00320 0100  4d4 +2 
713. lieutenant of the gu 12  100 20/18/18/16/18 160 -10 08 00600 0200  5d5 +0 
714. barracks guard       09    0 18/18/18/14/13 120 000 11 00320 0100  6d3 +0 
715. weaponsmith          08    0 18/15/15/15/15 105 015 12 00325 0100  5d3 +1 
716. knight of the chrysa 14  200 20/20/20/16/23 195 -25 06 00850 0200  5d5 +3 
717. weapons wizard       20    0 22/24/24/24/24 280 -40 00 01800 0300  5d8 +0 
718. Trokkawilff          22 -100 25/25/24/24/24 350 -70 -4 02600 1000  4d11+0 
719. Trokkawilff's animat 14 -100 22/25/20/15/15 195 -20 06 00800 0000  5d5 +3 
720. octowolf             07 -100 20/20/15/10/10 090 030 13 00200 0000  4d4 +1 
721. green slime          04    0 13/13/13/13/13 045 060 16 00060 0000  1d8 +0 
722. Vertinio             12   50 18/18/15/25/13 160 -10 08 00600 0200  4d6 +0 
723. the Abbot            05 1000 09/09/09/18/25 050 050 15 00070 0020  1d10+0 
724. the bellringer       22  200 25/25/25/20/25 370 -60 -4 00000 0000  0d0 +0 
725. knight               07  100 21/15/10/10/15 085 030 13 00000 0000  0d0 +0 
726. knight               08  100 20/15/12/12/20 105 020 12 00000 0000  0d0 +0 
727. knight               09  100 22/14/14/12/20 120 010 11 00320 0250  4d4 +2 
728. acolyte              05  100 12/12/14/12/20 060 050 15 00100 0010 50d2 +0 
729. cowled clerk         01  100 08/08/08/10/20 010 090 19 00005 0002  1d10+0 
730. Prince Ragnar        25    0 25/25/25/25/25 999 -99 -10 20000 9999 20d5 +0 
731. healing mage         09  500 18/16/18/25/13 120 010 11 00000 0000  6d3 +0 
732. the shade of Lady Vi 12  100 18/18/18/18/18 160 -10 08 00600 0600  4d6 +0 
733. banshee              05  -40 14/16/14/12/10 060 050 15 00100 0030  3d3 +1 
734. ghostly butler       07  100 15/15/15/15/15 090 030 13 00200 0050  3d4 +1 
735. Travis               16  100 21/21/21/21/21 220 -30 04 01100 1000  4d8 +0 
736. blue-coated guard    05    0 13/14/14/13/13 060 050 15 00100 0050  3d3 +0 
737. Evan                 07    0 15/15/15/15/15 075 030 13 00200 0050  3d5 +0 
738. dirty begger         02    0 12/12/11/11/11 020 080 18 00015 0030  1d6 +0 
739. scholar              06    0 12/12/12/18/07 060 040 14 00140 0030  3d4 +0 
740. book clerk           05    0 14/14/12/13/11 060 050 15 00000 0000  0d0 +0 
741. the Curator          14  100 18/18/18/25/19 150 -20 06 00850 1000  4d7 +0 
742. black-robed monk     03   50 12/11/12/10/16 025 070 17 00035 0000  3d2 +1 
743. guardian monk        06   25 16/12/15/10/18 070 040 14 00000 0000  0d0 +0 
744. Veratus the Oracle   12  100 00/00/00/00/00 000 000 00 00000 0000  0d0 +0 
745. small Gray Owl       12    0 00/00/00/00/00 000 000 00 00000 0000  0d0 +0 
746. Snow-White Owl       12    0 00/00/00/00/00 000 000 00 00000 0000  0d0 +0 
747. Great-Horned Owl     12    0 00/00/00/00/00 000 000 00 00000 0000  0d0 +0 
748. Kuroth the Demon     20 -500 24/25/24/23/23 280 -50 00 01750 5000  8d5 +0 
749. image of Elise       25    0 00/00/00/00/00 000 000 00 00000 0000  0d0 +0 
750. Lieutenant of the Gu 09    0 18/17/16/14/14 120 010 11 00320 0400  4d4 +2 

  #  Name                 Lv Algn Stats          HP  AC  T0 Exp   Gold  Dice   
------------------------------------------------------------------------------
751. drunken guard        05    0 14/14/14/12/13 060 050 15 00100 0100  1d10+0 
752. barbarian guard      07    0 15/15/15/15/15 080 040 14 00200 0000  3d4 +0 
753. barbarian guard      08    0 15/15/16/15/14 090 025 13 00225 0000  3d5 +0 
754. barbarian guard      09    0 16/16/20/12/12 105 015 12 00000 0000  0d0 +0 
755. barbarian warrior    09    0 20/18/22/11/10 120 010 11 00320 0100  5d3 +3 
756. flower nymph         05    0 12/20/12/12/12 060 050 15 00100 0025  2d5 +0 
757. hobbit adventurer    07    0 15/15/15/15/15 080 030 13 00180 0050  3d5 +0 
758. kitchen helper       04    0 13/13/13/13/13 040 060 16 00060 0020  2d4 +0 
759. Mother Granovetter   11    0 20/15/17/15/19 150 000 09 00500 1000  4d5 +2 
760. Heber Granovetter    15  -25 22/22/22/16/18 200 -25 05 01000 0500  5d6 +0 
761. rum salesman         06    0 15/15/15/15/15 075 040 14 00140 0300  3d4 +0 
762. shit-eating worm     05    0 13/18/13/10/10 060 050 15 00100 0020  1d10+0 
763. Blue Warrior         04    0 15/15/12/12/12 040 075 16 00065 0050  2d4 +0 
764. Green Warrior        05    0 15/15/14/12/12 050 055 15 00100 0100  2d5 +0 
765. Red Warrior          06    0 15/15/15/12/12 065 040 14 00140 0150  2d6 +0 
766. the Jinsuti Master   25    0 25/25/25/25/25 500 -90 -10 05000 5000 15d4 +0 
767. blue hydrabeast      07  -20 20/20/15/10/10 090 030 13 00200 0000  3d5 +0 
768. green hydrabeast     09  -25 20/20/18/10/10 120 010 11 00320 0000  4d4 +2 
769. hextril              02    0 12/12/10/12/12 015 080 18 00020 0000  1d6 +0 
770. large hextril        05    0 14/14/12/12/12 060 050 15 00000 0000  0d0 +0 
771. drunken nightwatchma 05    0 13/15/12/13/13 060 050 15 00100 0050  1d10+0 
772. yeoman               06    0 14/15/18/10/15 075 040 14 00140 0050  3d4 +0 
773. Commander Franchot   12  500 20/20/17/17/24 160 -10 08 00600 0300  5d5 +0 
774. brown-robed monk     06   50 14/12/10/12/19 070 040 14 00125 0025  3d4 +0 
775. catapult officer     08    0 16/16/15/15/15 100 020 12 00240 0240  4d4 +0 
776. Apstone              20  100 18/18/25/25/25 280 -50 00 01800 1000  7d7 +1 
777. janitor              05    0 15/15/15/10/12 060 050 15 00100 0030  3d3 +1 
778. bombardier           08    0 16/16/18/14/16 100 020 12 00315 0100  4d4 +0 
779. masked cleric        08  250 00/00/00/00/00 000 000 00 00000 0000  0d0 +0 
780. Prince Rutger        25    0 25/25/25/25/25 999 -99 -10 20000 9999 20d5 +0 
781. Rutger               25    0 25/25/25/25/25 999 -99 -10 20000 9999 20d5 +0 
782. Ragnar               25    0 25/25/25/25/25 999 -99 -10 20000 9999 20d5 +0 
783. Tragirsha            15    0 20/20/20/24/17 200 -25 05 01000 0500  5d6 +0 
784. Gorgon the Demon     18 -300 25/20/23/23/24 255 -40 17 01325 1000  8d5 +0 
785. acid imp             03 -100 12/12/12/12/13 030 070 17 00030 0010  2d3 +1 
786. Glabor, King of the  15 -300 24/20/20/16/20 210 -25 05 01000 1000  6d5 +0 
787. bartender            06  -50 15/14/14/14/14 075 040 14 00140 0100  2d6 +0 
788. troll priestess      07 -100 18/15/14/14/14 080 030 13 00200 0150  2d7 +0 
789. musician             05  -10 14/14/13/13/13 100 050 15 00100 0025  2d5 +0 
790. gnome                05    0 13/15/13/13/13 060 050 15 00100 0040  3d3 +1 
