
  #  Name                 Value  Wgt Tp Adj Sht  Dice    AC Wr Mg Qst
------------------------------------------------------------------------------
  1. small knife          000005 002 00 +0  030  1d5 +0  00 20 00 000
  2. godentag             000100 005 02 +0  040  1d5 +0  00 20 00 000
  3. short sword          000050 004 01 +0  025  1d6 +0  00 20 00 000
  4. small bag            000004 002 09 +0  005  0d0 +0  00 17 00 000
  5. spear                000050 003 03 +0  025  1d6 +1  00 20 00 000
  6. sling                000008 001 04 +0  020  1d4 +0  00 20 00 000
  7. cloth hat            000005 001 05 +0  010  0d0 +0  01 07 00 000
  8. cloth armor          000010 005 05 +0  015  0d0 +0  03 01 00 000
  9. cloth sleeves        000008 002 05 +0  010  0d0 +0  01 02 00 000
 10. cloth pants          000010 002 05 +0  010  0d0 +0  01 03 00 000
 11. cloth boots          000010 003 05 +0  010  0d0 +0  01 08 00 000
 12. small wooden shield  000015 005 05 +0  020  0d0 +0  02 18 00 000
 13. wool mask            000020 001 05 +0  009  0d0 +0  02 19 00 000
 14. leather cap          000040 002 05 +0  020  0d0 +0  02 07 00 000
 15. leather armor        000045 005 05 +0  025  0d0 +0  06 01 00 000
 16. leather sleeves      000030 003 05 +0  025  0d0 +0  02 02 00 000
 17. leather pants        000040 003 05 +0  025  0d0 +0  02 03 00 000
 18. leather boots        000047 004 05 +0  025  0d0 +0  02 08 00 000
 19. large wooden shield  000075 007 05 +0  025  0d0 +0  03 18 00 000
 20. hand axe             000050 005 00 +0  030  1d5 +1  00 20 00 000
 21. sledgehammer         000044 008 02 +0  040  1d4 +1  00 20 00 000
 22. lancette             000110 007 01 +0  038  2d3 +0  00 20 00 000
 23. bo stick             000068 004 03 +0  040  2d3 +0  00 20 00 000
 24. boomerang            000070 002 04 +0  032  1d3 +2  00 20 00 000
 25. splint mail          012500 015 05 +0  027  0d0 +0  18 01 00 000
 26. small metal shield   000120 006 05 +0  024  0d0 +0  04 18 00 000
 27. pot helm             000098 007 05 +0  020  0d0 +0  03 07 00 000
 28. metal visor          000087 005 05 +0  020  0d0 +0  03 19 00 000
 29. large metal shield   000200 012 05 +0  030  0d0 +0  05 18 00 000
 30. scythe               000240 006 00 +0  050  1d7 +0  00 20 00 000
 31. small mace           000230 007 02 +0  045  1d4 +1  00 20 00 000
 32. long sword           000280 007 01 +0  040  1d6 +2  00 20 00 000
 33. nunchukus            000170 004 03 +0  040  3d2 +1  00 20 00 000
 34. small ash bow        000300 005 04 +0  030  2d4 +1  00 20 00 000
 35. parched scroll       000015 001 07 +0  001  0d0 +0  00 17 04 000
 36. grey scroll          000010 001 07 +0  001  0d0 +0  00 17 01 000
 37. black scroll         000020 001 07 +0  001  0d0 +0  00 17 02 000
 38. leather gloves       000032 002 05 +0  020  0d0 +0  02 06 00 000
 39. silk vest            000048 001 05 +0  005  0d0 +0  01 01 00 000
 40. navy cap             000010 001 05 +0  004  0d0 +0  01 07 00 000
 41. hoe                  000010 002 03 +0  010  1d4 +0  00 20 00 000
 42. rake                 000003 002 03 +0  010  1d4 +0  00 20 00 000
 43. silver crucifix      000100 001 02 +0  002  2d3 +0  00 20 00 000
 44. black vestments      000025 002 05 +0  009  0d0 +0  02 01 00 000
 45. mithril chain armor  025000 016 05 +0  075  0d0 +0  16 01 00 000
 46. torch                000010 001 12 +0  060  0d0 +0  00 17 00 000
 47. blackened scroll     000030 001 07 +0  001  0d0 +0  00 17 03 000
 48. verdant green scroll 000050 001 07 +0  001  0d0 +0  00 17 06 000
 49. silver key           000010 001 11 +0  002  1d0 +0  00 17 00 000
 50. white scroll         000010 001 07 +0  001  0d0 +0  00 17 05 000

  #  Name                 Value  Wgt Tp Adj Sht  Dice    AC Wr Mg Qst
------------------------------------------------------------------------------
 51. yellow potion        000500 003 06 +0  001  0d0 +0  00 17 01 000
 52. viscous potion       000250 001 06 +0  001  0d0 +0  00 17 02 000
 53. green potion         000500 001 06 +0  001  0d0 +0  00 17 04 000
 54. glowing potion       001000 001 06 +0  001  0d0 +0  00 17 05 000
 55. swirly potion        000750 001 06 +0  001  0d0 +0  00 17 06 000
 56. messy used condom    000001 001 01 +0  001  1d2 +0  00 20 00 000
 57. double bladed axe    001500 010 00 +0  050  3d5 +1  00 20 00 000
 58. cutlass              000500 007 01 +0  045  2d4 +1  00 20 00 000
 59. grey staff           000500 003 08 +0  003  0d0 +0  00 17 01 000
 60. long bow             001000 008 04 +0  050  3d3 +3  00 20 00 000
 61. burnt scroll         000015 001 07 +0  001  0d0 +0  00 17 07 001
 62. iron ring            000050 001 05 +0  005  0d0 +0  00 09 00 000
 63. engagement ring      001000 001 05 +0  100  0d0 +0  00 09 00 000
 64. wedding ring         005000 001 05 +0  075  0d0 +0  00 09 00 000
 65. lance                000450 012 03 +1  072  1d7 +1  01 20 00 000
 66. flail                000420 005 02 +1  060  1d6 +1  00 20 00 000
 67. silver wand          000890 002 08 +0  003  0d0 +0  00 00 02 000
 68. gnarled oak staff    001250 004 08 +0  002  0d0 +0  00 00 07 000
 69. ruby                 001000 001 13 +0  000  0d0 +0  00 17 00 000
 70. diamond              001500 001 13 +0  000  0d0 +0  00 17 00 000
 71. emerald              001750 001 13 +0  000  0d0 +0  00 17 00 000
 72. jade idol            000850 002 08 +0  001  0d0 +0  00 17 06 000
 73. rusty key            000015 001 11 +0  001  2d0 +0  00 17 00 000
 74. diamond-studded stil 050000 008 01 +3  110  2d4 +4  00 20 00 000
 75. grey cloak           000200 002 05 +0  020  0d0 +0  01 04 00 000
 76. thieves' boots       000780 003 05 +0  020  0d0 +0  02 08 00 000
 77. foil                 000300 004 01 +0  040  2d4 +0  00 20 00 000
 78. ringlet mail armor   001000 012 05 +0  035  0d0 +0  15 01 00 000
 79. brass leggings       000920 007 05 +0  023  0d0 +0  04 03 00 000
 80. 30 platinum pieces   000150 005 10 +0  001  0d0 +0  00 00 00 000
 81. fencer's mask        000200 001 05 +0  015  0d0 +0  03 19 00 000
 82. purple scroll        000010 001 07 +0  001  0d0 +0  00 17 08 000
 83. quartz stone         002000 005 08 +0  001  0d0 +0  00 17 09 000
 84. velvet-fringed scrol 000100 001 07 +0  001  0d0 +0  00 17 10 000
 85. red scroll           000100 001 07 +0  001  0d0 +0  00 17 11 000
 86. crystal ball         002500 002 08 +0  008  0d0 +0  00 17 02 000
 87. bronze gauntlets     000800 005 05 +0  030  0d0 +0  02 06 00 000
 88. glowing rod          012000 003 13 +0  000  0d0 +0  00 17 00 002
 89. silver arm-bands     002410 005 05 +0  032  0d0 +0  02 02 00 000
 90. bone shield          000100 005 05 +0  020  0d0 +0  04 18 00 000
 91. banded mail armor    001200 014 05 +0  034  0d0 +0  18 01 00 000
 92. metal helmet         000200 005 05 +0  030  0d0 +0  04 07 00 000
 93. bag                  000010 001 09 +0  007  0d0 +0  00 17 00 000
 94. sapphire             000725 001 13 +0  000  0d0 +0  00 17 00 000
 95. glass wand           003400 002 08 +0  003  0d0 +0  00 17 08 000
 96. 400 copper pieces    000100 010 10 +0  000  0d0 +0  00 00 00 000
 97. crossbow             001200 008 04 +0  070  1d12+1  00 20 00 000
 98. stone key            000050 001 11 +0  001  3d0 +0  00 17 00 000
 99. magical flame bow    030000 007 04 +3  220  2d8 +3  00 20 01 000
100. fire ring            010000 001 12 +0  600  0d0 +0  01 09 00 000

  #  Name                 Value  Wgt Tp Adj Sht  Dice    AC Wr Mg Qst
------------------------------------------------------------------------------
101. grate key            000010 001 11 +0  004  4d0 +0  00 17 00 000
102. dwarven plate mail   050000 020 05 +0  050  0d0 +0  21 01 00 000
103. red training key     000150 001 11 +0  001 10d0 +0  00 17 00 000
104. ruby key             000150 001 11 +0  001 11d0 +0  00 17 00 000
105. green training key   000010 001 11 +0  001  5d0 +0  00 17 00 000
106. blue training key    000010 001 11 +0  001  6d0 +0  00 17 00 000
107. jet black key        000010 001 11 +0  002  7d0 +0  00 17 00 000
108. singing sword        050000 010 01 +3  250  3d5 +3  00 20 00 000
109. wand of the efreeti  005000 005 08 +0  010  0d0 +0  00 00 07 000
110. pirate's key         000200 001 11 +0  001 13d0 +0  00 17 00 000
111. elven lamellar armor 020000 011 05 +0  075  0d0 +0  18 01 00 000
112. enchanted hammer of  075000 015 02 +3  100  3d5 +3  00 20 00 000
113. hornblade            000500 004 00 +0  150  2d6 +0  00 20 00 000
114. dragon's blade       050000 007 00 +3  250  4d4 +3  00 20 00 000
115. elven bow            001800 004 04 +0  075  3d4 +1  00 20 00 000
116. boots of elvenkind   001000 003 05 +0  030  0d0 +0  02 08 00 000
117. bec de corbin        000500 008 03 +0  100  1d8 +0  00 20 00 000
118. halberd              001000 012 03 +0  125  1d12+0  00 20 00 000
119. bill-guisarme        002000 008 03 +1  200  2d6 +1  00 20 00 000
120. mountain boots       000060 002 05 +0  025  0d0 +1  01 08 00 000
121. mountain gloves      000050 003 05 +0  025  0d0 +1  01 06 00 000
122. heavy cloth leggings 000040 008 05 +0  025  0d0 +0  02 03 00 000
123. elven chain mail     002000 008 05 +0  040  0d0 +0  15 01 00 000
124. elven leather armor  001000 007 05 +0  025  0d0 +0  15 01 00 000
125. velvet red key       000010 001 11 +0  001  8d0 +0  00 17 00 000
126. white lace key       000010 001 11 +0  002  9d0 +0  00 17 00 000
127. moss green key       001000 001 11 +0  001 12d0 +0  00 17 00 000
128. two-handed battle ax 025000 012 00 +3  214  1d12+3  00 20 00 000
129. copper key           000010 001 11 +0  004 14d0 +0  00 17 00 000
130. platinum dragon scal 099999 040 05 +0  065  0d0 +0  40 01 00 000
131. orange key           000010 001 11 +0  001 15d0 +0  00 17 00 000
132. faded yellow key     000010 001 11 +0  001 16d0 +0  00 17 00 000
133. lightning javelin    025000 005 04 +3  001  6d4 +0  00 20 00 000
134. golden plate mail    099999 045 05 +0  015  0d0 +0  25 01 00 000
135. golden scroll        004750 001 07 +0  001  0d0 +0  00 17 16 004
136. crystal tablet       000305 002 07 +0  001  0d0 +0  00 17 15 005
137. shimmering silver sc 000891 001 07 +0  001  0d0 +0  00 17 17 000
138. blue scroll          000050 001 07 +0  001  0d0 +0  00 17 14 006
139. climbing rope        000050 002 13 +0  010  0d0 +5  00 17 00 000
140. climbing pick        000100 005 00 +0  100  1d4 +0  00 20 00 000
141. mountain boots with  000125 003 05 +0  010  0d0 +2  00 08 00 000
142. auburn scroll        000039 001 07 +0  001  0d0 +0  00 17 13 000
143. crinkled old scroll  000020 001 07 +0  001  0d0 +0  00 17 12 000
144. crystal amulet       002500 003 08 +0  005  0d0 +0  00 17 17 000
145. staff of power       002500 005 08 +0  001  0d0 +0  00 17 12 000
146. snow white wand      002500 002 08 +0  003  0d0 +0  00 17 15 000
147. coal black wand      002500 003 08 +0  002  0d0 +0  00 17 14 000
148. carabiner and peton  000100 003 05 +0  010  0d0 +1  00 04 00 000
149. chromatic dragon sca 500000 045 05 +0  025  0d0 +0  40 01 00 000
150. brown bag            000010 001 09 +0  007  0d0 +0  00 17 00 000

  #  Name                 Value  Wgt Tp Adj Sht  Dice    AC Wr Mg Qst
------------------------------------------------------------------------------
151. black bag            000010 001 09 +0  007  0d0 +0  00 17 00 000
152. beige bag            000010 001 09 +0  007  0d0 +0  00 17 00 000
153. green-grey scroll    000089 001 07 +0  001  0d0 +0  00 17 18 000
154. bastard sword        000750 008 01 +0  075  1d10+0  00 20 00 000
155. blue bubbly potion   002500 002 06 +0  001  0d0 +0  00 17 10 000
156. golden dagger        002500 003 01 +1  075  2d4 +1  00 20 00 000
157. crimson naga bands   001500 005 05 +0  030  0d0 +0  02 02 00 000
158. dragon shield        004500 012 05 +0  050  0d0 +0  05 18 00 000
159. boots of levitation  000800 002 05 +1  025  0d0 +5  00 08 00 000
160. fairy dust           000080 001 08 +0  001  0d0 +0  00 17 13 000
161. animal hides         000050 005 05 +0  015  0d0 +0  02 01 00 000
162. branding iron        000100 003 02 +0  043  1d6 +0  00 20 00 000
163. speckled potion      000010 001 06 +0  001  0d0 +0  00 17 13 000
164. black cape           000128 001 05 +0  025  0d0 +0  01 04 00 000
165. glowing pendant      000430 002 08 +0  001  0d0 +0  00 04 12 000
166. 80 shillings         000010 001 10 +0  001  0d0 +0  00 00 00 000
167. gold ring            000250 001 05 +0  005  0d0 +0  00 09 00 000
168. small throwing axe   000100 003 04 +0  030  1d6 +0  00 20 00 000
169. sack of grain        000480 015 13 +0  001  0d0 +0  00 17 00 000
170. dead rat carcass     000000 001 13 +0  000  0d0 +0  00 17 00 000
171. carving knife        000010 001 00 +0  015  1d5 +0  00 20 00 000
172. bandaged scroll      000100 001 07 +0  001  0d0 +0  00 17 19 000
173. bow of soul stealing 010000 013 04 +3  150  4d3 +3  00 20 01 000
174. spetum               025000 010 03 +3  125  1d15+3  00 20 00 000
175. acid green key       000010 001 11 +0  003 17d0 +0  00 17 00 000
176. platinum key         002500 001 11 +0  005 18d0 +0  00 17 00 000
177. light magenta key    000020 001 11 +0  003 19d0 +0  00 17 00 000
178. glass key            000025 001 11 +0  001 20d0 +0  00 17 00 000
179. cleaver              000100 002 00 +0  050  1d8 +0  00 20 00 000
180. grass parchment      000125 001 07 +0  001  0d0 +0  00 17 21 007
181. opal staff           002500 003 08 +0  002  0d0 +0  00 17 19 000
182. griffon's feather    000010 001 07 +0  001  0d0 +0  00 17 22 000
183. unicorn's horn       050000 003 07 +0  002  0d0 +0  00 17 20 010
184. unicorn's horn       050000 003 08 +0  005  0d0 +0  00 17 14 000
185. unicorn's horn       050000 003 13 +0  000  0d0 +0  00 00 00 000
186. large mace           000500 010 02 +0  065  2d4 +0  00 20 00 000
187. warhammer            000250 010 02 +0  075  2d4 +4  00 20 00 000
188. horseman's mace      000150 013 02 +0  050  2d4 +1  00 20 00 000
189. horseman's flail     002000 007 02 +0  060  3d4 +2  00 20 00 000
190. unicorn's horn       001000 003 13 +0  000  0d0 +0  00 17 00 000
191. black onyx           000500 005 13 +0  000  0d0 +0  00 17 00 000
192. topaz                001250 003 13 +0  000  0d0 +0  00 17 00 000
193. diamond laurel ring  002500 002 05 +0  010  0d0 +0  00 09 00 000
194. philosopher's stone  007500 008 08 +0  001  0d0 +0  00 17 20 000
195. eye of newt          000750 001 08 +0  001  0d0 +0  00 17 04 000
196. human carcass        000000 070 13 +0  000  0d0 +0  00 17 00 000
197. elven carcass        000000 050 13 +0  000  0d0 +0  00 17 00 000
198. prison key           000005 001 11 +0  002 21d0 +0  00 17 00 000
199. hazy potion          005000 005 06 +0  001  0d0 +0  00 17 17 000
200. dungeon key          000001 001 11 +0  002 22d0 +0  00 17 00 000

  #  Name                 Value  Wgt Tp Adj Sht  Dice    AC Wr Mg Qst
------------------------------------------------------------------------------
201. human brain          000100 003 13 +0  001  0d0 +0  00 17 00 000
202. lantern              000050 004 12 +0  120  0d0 +0  00 17 00 000
203. deep coral key       000025 001 11 +0  002 23d0 +0  00 17 00 000
204. shroud of evil       025000 005 05 +0  015  0d0 +0  12 04 00 000
205. gold ring            000250 002 05 +0  002  0d0 +0  02 09 00 000
206. crystal scepter      002500 006 08 +0  001  0d0 +0  00 17 15 000
207. small key            000050 001 11 +0  001 24d0 +0  00 17 00 000
208. silver tray          000250 001 13 +0  001  0d0 +0  10 18 00 000
209. sorceress' staff     004000 005 03 +3  150  3d3 +3  00 20 00 000
210. mask of distortion   004500 003 05 +0  050  0d0 +0  05 19 00 000
211. sickle               000200 005 00 +0  060  1d6 +1  00 20 00 000
212. assassin's dagger    012000 004 01 +1  100  5d3 +1  00 20 00 000
213. morning star         005000 005 02 +1  065  2d6 +1  00 20 00 000
214. woodland's staff     012500 008 03 +3  100  4d3 +3  00 20 00 000
215. druid's cloak        000300 002 05 +0  015  0d0 +0  02 04 00 000
216. cured rawhide leathe 000250 009 05 +0  030  0d0 +0  06 01 00 000
217. firey orange jacinit 010000 005 11 +0  001 50d0 +0  00 00 00 000
218. druidian hood        000100 002 05 +0  010  0d0 +0  02 07 00 000
219. druidian shield      000125 005 05 +0  030  0d0 +0  05 18 00 000
220. heavy barbell        000500 050 02 +0  010  1d6 +0  00 20 00 000
221. bardiche of dismembe 025000 010 03 +3  125  2d8 +3  00 20 00 000
222. red bubbly potion    005000 001 06 +0  001  0d0 +0  00 17 08 000
223. bracers of defense   012500 007 05 +0  050  0d0 +0  05 02 00 000
224. druidian laurel ring 000150 002 05 +0  005  0d0 +0  01 09 00 000
225. tree sprite penant   000750 002 05 +0  010  0d0 +0  03 04 00 000
226. pot of gold          005000 015 10 +0  000  0d0 +0  00 00 00 000
227. bracers of ogre-stre 002500 008 05 +0  055  0d0 +0  05 02 00 000
228. black opal pendant   000100 002 11 +0  003 25d0 +0  00 00 00 000
229. voulge               001000 003 00 +0  100  1d8 +1  00 20 00 000
230. board note           000001 001 13 +0  000  0d0 +0  00 00 00 000
231.                      000000 000 00 +0  000  0d0 +0  00 00 00 000
232. red dragon scroll    000010 001 13 +0  001  0d0 +0  00 17 00 000
233. grey button          000001 001 13 +0  000  1d0 +2  00 00 00 000
234. red button           000000 000 13 +0  000  0d1 +0  00 00 00 000
235. blue button          000000 000 13 +0  000  0d2 +0  00 00 00 000
236. ruby button          000000 000 13 +0  000  0d1 +0  00 00 00 000
237. emerald button       000000 000 13 +0  000  0d2 +0  00 00 00 000
238. diamond button       000000 000 13 +0  000  0d3 +0  00 00 00 000
239. jacinith button      000000 000 13 +0  000  0d4 +0  00 00 00 000
240. stone button         000000 000 13 +0  000  1d0 +0  00 00 00 000
241. a'nuk mask           000250 005 05 +0  050  0d0 +0  03 19 00 000
242. cast iron shield     002500 010 05 +0  100  0d0 +0  06 18 00 000
243. boots of k'tral      000250 004 05 +0  050  0d0 +0  03 08 00 000
244. mandolin             000050 001 02 +0  001  1d6 +0  00 20 00 000
245. pan flute            000050 001 13 +0  000  0d0 +0  00 17 00 000
246. khopesh sword        000100 001 01 +0  050  1d7 +0  00 20 00 000
247. silver dagger        000050 001 01 +0  025  2d3 +1  00 20 00 000
248. assassin's mask      000050 001 05 +0  010  0d0 +0  02 19 00 000
249. tiny blue ball       000800 003 08 +0  001  0d0 +0  00 17 16 000
250. small battle axe     000500 003 00 +0  050  2d4 +0  00 20 00 000

  #  Name                 Value  Wgt Tp Adj Sht  Dice    AC Wr Mg Qst
------------------------------------------------------------------------------
251. iron leggings        000500 002 05 +0  025  0d0 +0  04 03 00 000
252. metal sleeves        000500 002 05 +0  025  0d0 +0  04 02 00 000
253. jewelled armlets     000500 002 05 +0  020  0d0 +0  02 02 00 000
254. knight's shield      002500 005 05 +0  035  0d0 +0  06 18 00 000
255. knight's shield      003500 005 05 +0  040  0d0 +0  07 18 00 000
256. vorpal sword         005000 006 01 +1  075  4d3 +1  00 20 00 000
257. elven bow of speed   001000 003 04 +0  050  2d7 +0  00 20 00 000
258. elven bow of accurac 003000 003 04 +1  050  2d6 +1  00 20 00 000
259. large cast-iron shie 001000 007 05 +0  025  0d0 +0  05 18 00 000
260. walking staff        000200 001 03 +0  030  1d6 +0  00 20 00 000
261. light traveling armo 003500 004 05 +0  030  0d0 +0  09 01 00 000
262. white button         000001 001 13 +0  000  0d3 +2  00 00 00 000
263. white button         000001 001 13 +0  000  0d1 +2  00 00 00 000
264. white button         000001 001 13 +0  000  0d2 +2  00 00 00 000
265. white button         000001 001 13 +0  000  1d0 +2  00 00 00 000
266. elven birch bow      001800 004 04 +0  075  2d5 +3  00 20 00 000
267. papyrus scroll       000001 1000 13 +0  000  0d0 +0  00 00 00 000
268. signpost             000001 5000 13 +0  000  0d0 +0  00 00 00 000
269. wand of all-seeing   001500 005 08 +0  003  0d0 +0  00 17 10 000
270. sacrificial dagger   012500 002 01 +1  075  3d5 +1  00 20 00 000
271. key of the dragon's  005000 003 11 +0  001 26d0 +0  00 17 00 000
272. Izitara's key of wis 005000 003 11 +0  001 27d0 +0  00 17 00 000
273. treasure chest       050000 800 09 +0  050  0d0 +0  00 00 00 000
274. oceancrest sign      000000 000 13 +0  000  0d0 +0  00 00 00 000
275. oak sign post        000000 000 13 +0  000  0d0 +0  00 00 00 000
276. wall writing 1       000000 000 13 +0  000  0d0 +0  00 00 00 000
277. leather saddle       000100 003 13 +0  000  0d0 +0  00 17 00 000
278. unpasteurized milk   000200 005 13 +0  000  0d0 +0  00 17 00 000
279. moon scroll          000000 000 13 +0  000  0d0 +0  00 00 00 000
280. katana blade         003000 002 00 +1  080  2d5 +2  00 20 00 000
281. elven long bow       007000 002 04 +1  075  4d4 +2  00 20 00 000
282. dwarven blade        006000 002 00 +1  075  3d4 +3  00 20 00 000
283. moon plaque          000000 000 13 +0  000  0d0 +0  00 00 00 000
284. ice blue potion      006000 002 06 +0  001  0d0 +0  00 17 24 000
285. epee sword           001000 002 01 +0  125  1d12+1  00 20 00 000
286. maul hammer          001250 005 02 +0  125  2d6 +0  00 20 00 000
287. falchion sword       000750 001 01 +0  100  2d4 +1  00 20 00 000
288. rapier               000950 002 00 +0  125  2d6 +0  00 20 00 000
289. sabre                000950 001 01 +0  100  2d6 +0  00 20 00 000
290. banded mail sleeves  001000 005 05 +0  035  0d0 +0  06 02 00 000
291. dwarven plate mail s 012500 010 05 +0  035  0d0 +0  07 02 00 000
292. dwarven plate mail l 012500 005 05 +0  035  0d0 +0  07 03 00 000
293. dwarven plate mail b 010000 005 05 +0  035  0d0 +0  07 08 00 000
294. dwarven plate mail g 010000 005 05 +0  035  0d0 +0  07 06 00 000
295. banded mail leggings 001250 005 05 +0  065  0d0 +0  06 03 00 000
296. banded mail gloves   001000 005 05 +0  045  0d0 +0  06 06 00 000
297. banded mail boots    001100 005 05 +0  045  0d0 +0  06 08 00 000
298. warboard             003000 010 05 +0  030  0d0 +0  10 18 00 000
299. warboard             003000 010 05 +0  035  0d0 +0  10 18 00 000
300. durin writing        000000 000 13 +0  000  0d0 +0  00 00 00 000

  #  Name                 Value  Wgt Tp Adj Sht  Dice    AC Wr Mg Qst
------------------------------------------------------------------------------
301. durin inscription    000000 000 13 +0  000  0d0 +0  00 00 00 000
302. chain mail boots     000500 004 05 +0  030  0d0 +0  05 08 00 000
303. arena map            000000 000 13 +0  000  0d0 +0  00 00 00 000
304. ringlet mail gloves  000350 007 05 +0  030  0d0 +0  05 06 00 000
305. ringlet mail sleeves 000750 007 05 +0  030  0d0 +0  05 02 00 000
306. elven cured leather  001000 001 05 +0  035  0d0 +0  12 01 00 000
307. elven cured leather  000500 001 05 +0  035  0d0 +0  04 02 00 000
308. elven cured leather  000250 001 05 +0  025  0d0 +0  04 06 00 000
309. elven cured leather  000500 001 05 +0  035  0d0 +0  04 03 00 000
310. elven cured leather  000750 001 05 +0  035  0d0 +0  08 07 00 000
311. elven cured leather  000250 001 05 +0  025  0d0 +0  04 08 00 000
312. elven leather whip   000350 001 02 +0  100  2d4 +2  00 20 00 000
313. quarterstaff         000350 001 03 +0  075  3d2 +0  00 20 00 000
314. gold sword           010000 005 01 +0  015  1d6 +2  00 20 00 000
315. broad sword          000400 003 01 +0  120  2d4 +0  00 20 00 000
316. ringlet mail hood    000750 010 05 +0  025  0d0 +0  10 07 00 000
317. sword of flaming dea 010000 005 01 +3  200  4d4 +3  00 20 00 000
318. stilleto             000125 001 00 +0  075  2d4 +1  00 20 00 000
319. gold dagger          001000 002 00 +0  025  1d8 +0  00 20 00 000
320. adamantine dart      000500 001 00 +3  012  2d4 +3  00 20 00 000
321. adamantine scale mai 001000 010 05 +0  060  0d0 +0  16 01 00 000
322. adamantine scale mai 000750 008 05 +0  060  0d0 +0  05 02 00 000
323. adamantine scale mai 000350 005 05 +0  060  0d0 +0  04 06 00 000
324. adamantine scale mai 000750 007 05 +0  060  0d0 +0  05 03 00 000
325. adamantine scale mai 000750 006 05 +0  060  0d0 +0  10 07 00 000
326. half-giant chain mai 001500 024 05 +0  025  0d0 +0  15 01 00 000
327. half-giant chain mai 000750 015 05 +0  030  0d0 +0  05 02 00 000
328. half-giant chain mai 000750 015 05 +0  030  0d0 +0  05 03 00 000
329. half-giant chain mai 000500 010 05 +0  025  0d0 +0  05 06 00 000
330. half-giant chain mai 000750 013 05 +0  020  0d0 +0  10 07 00 000
331. elephant leather arm 001000 007 05 +0  040  0d0 +0  12 01 00 000
332. elephant leather sle 000750 004 05 +0  040  0d0 +0  04 02 00 000
333. elephant leather leg 000750 003 05 +0  040  0d0 +0  04 03 00 000
334. elephant leather glo 000350 002 05 +0  040  0d0 +0  04 06 00 000
335. elephant leather hoo 000750 004 05 +0  040  0d0 +0  08 07 00 000
336. elephant leather boo 000350 003 05 +0  040  0d0 +0  04 08 00 000
337. light leather armor  000150 001 05 +0  055  0d0 +0  06 01 00 000
338. light leather sleeve 000100 001 05 +0  050  0d0 +0  02 02 00 000
339. light leather leggin 000100 001 05 +0  050  0d0 +0  02 03 00 000
340. light leather gloves 000075 001 05 +0  045  0d0 +0  02 06 00 000
341. light leather boots  000075 001 05 +0  040  0d0 +0  02 08 00 000
342. light leather hood   000100 001 05 +0  060  0d0 +0  04 07 00 000
343. chain mail armor     000750 012 05 +0  030  0d0 +0  15 01 00 000
344. chain mail sleeves   000500 006 05 +0  030  0d0 +0  05 02 00 000
345. chain mail leggings  000500 006 05 +0  025  0d0 +0  05 03 00 000
346. chain mail gloves    000400 003 05 +0  025  0d0 +0  05 06 00 000
347. chain mail hood      000750 006 05 +0  025  0d0 +0  10 07 00 000
348. barbarian's shield   000250 010 05 +0  030  0d0 +0  08 18 00 000
349. piece of shit        000000 001 05 +0  001  0d0 +0  00 19 00 000
350. lion skin cape       000800 005 05 +0  035  0d0 +0  03 04 00 000

  #  Name                 Value  Wgt Tp Adj Sht  Dice    AC Wr Mg Qst
------------------------------------------------------------------------------
351. chieftain's halberd  010000 010 03 +3  100  4d4 +3  00 20 00 000
352. burnt red scroll     000010 001 07 +0  001  0d0 +0  00 17 23 000
353. red potion           005500 001 06 +0  001  0d0 +0  00 17 23 000
354. iron spear           000250 001 03 +0  075  2d4 +3  00 20 00 000
355. blue crucifix        000001 001 11 +0  001  6d0 +0  00 17 00 000
356. green crucifix       000010 001 11 +0  001  6d0 +0  00 17 00 000
357. red training key     000010 001 11 +0  001  5d0 +0  00 17 00 000
358. blue training key    000010 001 11 +0  001  5d0 +0  00 17 00 000
359. holy water           003000 005 06 +0  001  0d0 +0  00 17 19 000
360. green training key   000010 001 11 +0  001  7d0 +0  00 17 00 000
361. blue training key    000015 002 11 +0  001  5d0 +0  00 17 00 000
362. red training key     000015 001 11 +0  001  6d0 +0  00 17 00 000
363. piranha tooth blade  001000 004 00 +0  100  3d3 +2  00 20 00 000
364. piranha tooth blade  003500 004 00 +1  150  3d5 +0  00 20 00 000
365. green bone key       000010 001 11 +0  001 28d0 +0  00 17 00 000
366. blue bone key        000010 001 11 +0  001 29d0 +0  00 17 00 000
367. red bone key         000010 001 11 +0  001 30d0 +0  00 17 00 000
368. vermilion scroll     000050 001 07 +0  001  0d0 +0  00 17 25 000
369. dark green potion    003500 002 06 +0  001  0d0 +0  00 17 25 000
370. reddish-orange potio 004500 001 06 +0  001  0d0 +0  00 17 19 000
371. mauve scroll         000010 001 07 +0  001  0d0 +0  00 17 26 000
372. ripped scroll        000001 001 07 +0  001  0d0 +0  00 17 24 000
373. guide to oceancrest  000005 001 13 +0  000  0d0 +0  00 17 00 000
374. zaghnal              001250 001 00 +0  100  2d6 +0  00 20 00 000
375. wand of fire         002500 001 08 +0  002  0d0 +0  00 17 37 000
376. wand of frost        002500 002 08 +0  002  0d0 +0  00 17 38 000
377. wand of lightning    002500 002 08 +0  002  0d0 +0  00 17 14 000
378. wand of stone        002500 002 08 +0  002  0d0 +0  00 17 36 000
379. azure scroll         000010 001 07 +0  001  0d0 +0  00 17 29 000
380. cobalt scroll        000015 001 07 +0  001  0d0 +0  00 17 27 000
381. amber scroll         000025 001 07 +0  001  0d0 +0  00 17 28 000
382. carmine red scroll   000250 001 07 +0  001  0d0 +0  00 17 30 000
383. turquoise scroll     000250 001 07 +0  001  0d0 +0  00 17 31 000
384. lilac scroll         000250 001 07 +0  001  0d0 +0  00 17 32 000
385. indigo scroll        000500 001 07 +0  001  0d0 +0  00 17 33 000
386. scarlet scroll       000500 001 07 +0  001  0d0 +0  00 17 34 000
387. citron scroll        000500 001 07 +0  001  0d0 +0  00 17 35 000
388. dragonwares key      002500 001 11 +0  500 100d0 +0  00 17 00 000
389. shark skin leather a 001250 005 05 +0  120  0d0 +0  12 01 00 000
390. tiger shark leather  001000 003 05 +0  075  0d0 +0  09 01 00 000
391. dragonwares sign     000001 001 13 +0  001  0d0 +0  00 00 00 000
392. painted wood key     000010 001 11 +0  051 51d0 +0  00 17 00 000
393. emerald green key    002500 001 11 +0  001 31d0 +0  00 17 00 011
394. emerald green key    000010 001 11 +0  001 31d0 +0  00 17 00 000
395. blue glowing wand    003000 006 08 +0  002  0d0 +0  00 17 15 000
396. cloud giant morning  006000 025 02 +2  125  3d4 +3  00 20 00 000
397. cloud key            000250 001 11 +0  001 10d0 +0  00 17 00 012
398. cloud key            000250 001 11 +0  001 10d0 +0  00 17 00 000
399. chestnut brown scrol 000050 001 07 +0  001  0d0 +0  00 17 36 008
400. sepia scroll         000050 001 07 +0  001  0d0 +0  00 17 37 009

  #  Name                 Value  Wgt Tp Adj Sht  Dice    AC Wr Mg Qst
------------------------------------------------------------------------------
401. olive green scroll   000050 001 07 +0  001  0d0 +0  00 17 38 013
402. aniline scroll       000015 001 07 +0  001  0d0 +0  00 17 39 014
403. heliotrope scroll    000050 001 07 +0  001  0d0 +0  00 17 40 015
404. dagger of impaling   007500 003 01 +1  120  3d4 +3  00 20 00 000
405. henna scroll         000050 001 07 +0  001  0d0 +0  00 17 41 016
406. information sign     000000 000 13 +0  000  0d0 +0  00 00 00 000
407. aquamarine potion    003500 001 06 +0  001  0d0 +0  00 17 22 000
408. black button         000001 001 13 +0  000  1d0 +2  00 00 00 000
409. red button           000001 001 13 +0  000  0d1 +2  00 00 00 000
410. green button         000001 001 13 +0  000  0d2 +2  00 00 00 000
411. orange button        000001 001 13 +0  000  0d3 +2  00 00 00 000
412. grey button          000001 001 13 +0  000  1d0 +3  00 00 00 000
413. yellow button        000001 001 13 +0  000  0d1 +3  00 00 00 000
414. blue button          000001 001 13 +0  000  0d2 +3  00 00 00 000
415. purple button        000001 001 13 +0  000  0d3 +3  00 00 00 000
416. rules of business    000005 001 13 +0  001  0d0 +0  00 17 00 000
417. large wooden sign    000001 001 13 +0  001  0d0 +0  00 00 00 000
418. orange scroll        000020 001 07 +0  001  0d0 +0  00 17 42 000
419. orange potion        000800 001 06 +0  001  0d0 +0  00 17 42 000
420. guide to the Ituk Gl 000005 000 13 +0  000  0d0 +0  00 17 00 000
421. red button           000001 001 13 +0  000  1d0 +6  00 00 00 000
422. blue button          000001 001 13 +0  000  0d1 +6  00 00 00 000
423. green button         000001 013 13 +0  000  0d2 +6  00 00 00 000
424. white button         000001 001 13 +0  000  0d3 +6  00 00 00 000
425. black button         000001 001 13 +0  000  0d4 +6  00 00 00 000
426. giant hammer         007500 010 02 +1  085  4d4 +0  00 20 00 000
427. frost giant's club   007500 015 02 +1  070  3d6 +0  00 20 00 000
428. bone key             000001 002 11 +0  001 32d0 +0  00 17 00 000
429. gold key             002500 001 11 +0  001 33d0 +0  00 17 00 000
430. jeweled key          000350 001 11 +0  001 34d0 +0  00 17 00 017
431. pier lithium sign    000001 001 13 +0  000  0d0 +0  00 00 00 000
432. adamantine sickle    035000 005 00 +3  095  3d6 +3  00 20 00 000
433. center ring          000001 001 13 +0  000  1d0 +0  00 00 00 000
434. inner ring           000001 001 13 +0  000  0d1 +0  00 00 00 000
435. middle ring          000001 001 13 +0  000  0d2 +0  00 00 00 000
436. outer ring           000001 001 13 +0  000  0d3 +0  00 00 00 000
437. aquamarine key       000015 001 11 +0  001 37d0 +0  00 17 00 000
438. crimson blood key    000001 001 11 +0  001 36d0 +0  00 17 00 000
439. adamantine key       000012 001 11 +0  001 35d0 +0  00 17 00 000
440. sahuagin dagger      003500 002 00 +0  085  2d6 +0  00 20 00 000
441. sahuagin spear       003500 003 03 +0  075  2d6 +1  00 20 00 000
442. sahuagin trident     012500 005 03 +2  085  5d3 +2  00 20 00 000
443. wedding invitation   000005 001 13 +0  001  0d0 +0  00 17 00 000
444. sahuagin heavy cross 025000 006 04 +2  095  2d8 +2  00 20 00 000
445. conch shell          005000 003 08 +0  003  0d0 +0  00 17 13 000
446. Charon's souvenir pi 000100 001 05 +1  010  0d0 +0  00 04 00 000
447. serrated silver dagg 008000 004 01 +2  100  4d3 +3  00 20 00 000
448. warning sign         000000 000 13 +0  000  0d0 +0  00 00 00 000
449. dwarven sabre        007500 006 01 +2  100  4d3 +2  00 20 00 000
450. cat-o-nine tails     006000 003 00 +1  075  4d3 +2  00 20 00 000

  #  Name                 Value  Wgt Tp Adj Sht  Dice    AC Wr Mg Qst
------------------------------------------------------------------------------
451. writing stone        000000 000 13 +0  000  0d0 +0  00 00 00 000
452. opalescent stone     010000 001 08 +0  000 500d1 +0  00 17 48 000
453. brig key             000005 005 11 +0  003 39d0 +0  00 17 00 000
454. dangerous destinatio 000100 001 11 +0  001 40d0 +0  00 17 00 000
455. spear-gun            003500 010 04 +1  070  2d5 +3  00 20 00 000
456. kelp armor           007500 010 05 +0  085  0d0 +0  12 01 00 000
457. kelp wand            001400 007 08 +0  003  0d0 +0  00 17 35 000
458. fisherman's net      000850 007 08 +0  002  0d0 +0  00 17 13 000
459. transporter          000000 000 08 +0  500  0d0 +0  00 00 12 000
460. wedding invitation   000010 001 13 +0  001  0d0 +0  00 17 00 000
461. silk blouse          000060 001 05 +0  005  0d0 +0  01 17 00 000
462. glass ball           000100 003 08 +0  003  0d0 +0  00 17 11 000
463. mummified head       000400 004 08 +1  005  0d0 +0  00 17 02 000
464. gold bars            004000 020 10 +0  001  0d0 +0  00 17 00 000
465. brass key            000010 001 11 +0  001 40d0 +0  00 17 00 000
466. barbarian warhammer  008000 012 02 +2  130  5d3 +1  00 20 00 000
467. sordid cloak         008000 004 05 +0  010  0d0 +0  07 04 00 000
468. crooked dagger       025000 010 01 +3  075  3d3 +4  00 20 00 000
469. picnic basket        000000 002 13 +0  000  0d0 +0  00 17 00 000
470. beach towel          000010 001 05 +0  003  0d0 +0  01 04 00 000
471. kista gate key       000000 001 11 +0  002 41d0 +0  00 17 00 000
472. sign crossroad       000000 000 13 +0  000  0d0 +0  00 00 00 000
473. glittering blade     004000 003 00 +0  075  2d6 +1  00 20 00 000
474. ogre mallet          006000 010 02 +1  076  2d6 +2  00 20 00 000
475. tiger eye ring       004000 001 12 +1  005  0d0 +0  01 09 00 000
476. box of Trojans       000000 004 08 +0  001  0d0 +0  00 17 06 000
477. waterlily            000040 001 13 +0  001  0d0 +0  00 17 00 000
478. small pouch          000010 002 09 +0  003  0d0 +0  00 17 00 000
479. toad leather horned  015000 005 05 +0  020  0d0 +0  08 07 00 000
480. white oak stick      002500 004 08 +0  001  0d0 +0  00 17 38 000
481. spiked bone flail    006500 006 02 +2  075  4d3 +0  00 20 00 000
482. salamander hide      006000 006 05 +0  030  0d0 +0  14 01 00 000
483. tiny dagger          000600 001 01 +0  020  2d4 +0  00 20 00 000
484. gate key             000000 001 11 +0  002 42d0 +0  00 17 00 000
485. jewelled scepter     005000 003 08 +0  002  0d0 +0  00 17 18 000
486. fortune teller's sha 000050 001 08 +0  003  0d0 +0  00 17 13 000
487. green naga bands     002500 005 05 +0  030  0d0 +0  03 02 00 000
488. green naga bands     003000 005 05 +0  035  0d0 +0  05 02 00 000
489. tuxedo               005000 005 05 +0  005  0d0 +0  03 01 00 000
490. bridal gown          010000 005 05 +0  002  0d0 +0  03 01 00 000
491. fresh sign           000000 000 13 +0  000  0d0 +0  00 00 00 000
492.                      000000 000 00 +0  000  0d0 +0  00 00 00 000
493. golden trident       025000 010 03 +3  075  5d3 +2  00 20 00 000
494. furry bag            000250 001 08 +0  005  0d0 +0  00 04 19 000
495. grey beads           000250 001 08 +0  008  0d0 +0  00 17 01 000
496. small crossbow       000800 002 04 +1  060  3d3 +2  00 20 00 000
497. woodsman's axe       004000 005 00 +2  075  2d5 +2  00 20 00 000
498. hardwood staff       002000 003 03 +1  060  2d6 +1  00 20 00 000
499. book of knowledge    000000 005 13 +0  001  0d0 +0  00 00 00 000
500. spiked collar        000050 001 05 +0  025  0d0 +0  03 04 00 000

  #  Name                 Value  Wgt Tp Adj Sht  Dice    AC Wr Mg Qst
------------------------------------------------------------------------------
501. gate key             000000 001 11 +0  002 38d0 +0  00 17 00 000
502. heartseeking bow     050000 006 04 +3  075  2d8 +3  00 20 00 000
503. vorpal battle cresce 020000 010 03 +3  100  5d3 +2  00 20 00 000
504. fish hook            000010 001 01 +0  015  2d3 +0  00 20 00 000
505. fish scale boots     000030 003 05 +0  008  0d0 +0  01 08 00 000
506. snakeskin gloves     000200 003 05 +0  010  0d0 +0  02 06 00 000
507. snakeskin head band  000050 001 05 +0  008  0d0 +0  03 07 00 000
508. small javelin        000030 003 04 +0  025  3d3 +0  00 20 00 000
509. beautiful waterlily  000120 003 05 +0  012  0d0 +0  08 01 00 000
510. lead hammer          001024 008 02 +1  084  2d5 +3  00 20 00 000
511. steel-chain armor    002300 018 05 +0  030  0d0 +0  16 01 00 000
512. steel reinforced shi 000820 008 05 +0  030  0d0 +0  07 18 00 000
513. steel gauntlets      000750 004 05 +0  020  0d0 +0  06 06 00 000
514. steel-bladed flail   016000 008 02 +3  085  5d2 +2  04 20 00 000
515. rainbow necklace     001800 002 05 +0  018  0d0 +0  07 04 00 000
516. hippogriff shield    010000 006 05 +1  050  0d0 +0  08 18 00 000
517. milky-white potion   008000 003 06 +0  001  0d0 +0  00 17 44 000
518. sparkling whip       000400 001 02 +1  060  2d4 +2  00 20 00 000
519. leather harness      001000 005 05 +0  035  0d0 +0  12 01 00 000
520. animal charm         000400 001 08 +0  002  0d0 +0  00 17 13 000
521. two-handed scythe    000600 007 00 +0  060  3d3 +2  00 20 00 000
522. glass whistle        000500 001 08 +0  003  0d0 +0  00 17 08 000
523. brass ring           000150 001 05 +0  008  0d0 +0  00 09 00 000
524. basket of grapes     000080 010 13 +0  001  0d0 +0  00 17 00 000
525. dwarven dagger       005000 001 01 +1  050  4d3 +1  00 20 00 000
526. drum                 000025 001 13 +0  001  0d0 +0  00 17 00 000
527. stone mask           000800 008 05 +0  040  0d0 +0  04 19 00 000
528. garbage can          000005 800 09 +0  100  0d0 +0  00 17 00 000
529. blood red potion     002500 001 06 +0  001  0d0 +0  00 17 11 000
530. necropolis key       000025 001 11 +0  003 43d0 +0  00 17 00 000
531. name this key!       000000 000 11 +0  001 44d0 +0  00 00 00 000
532. master key           003000 003 11 +0  030 43d0 +0  00 17 00 000
533. statue               000000 000 13 +0  000  1d0 +2  00 00 00 000
534. namethiskey!         000000 000 11 +0  000 45d0 +0  00 00 00 000
535. red blotched scroll  000050 001 07 +0  001  0d0 +0  00 17 49 000
536. gold bars            004000 020 10 +0  001  0d0 +0  00 00 00 000
537. map of necropolis    000000 000 13 +0  001  0d0 +0  00 17 00 000
538. stone bridge key     000020 002 11 +0  002 46d0 +0  00 17 00 000
539. ruby encrusted rod   004000 003 08 +0  005  0d0 +0  00 17 11 000
540. flame necklace       100000 003 05 +0  015  0d0 +0  10 04 00 000
541. vermillion charm     005000 003 08 +0  005  0d0 +0  00 17 25 000
542. crystal compass      002000 002 08 +0  001  0d0 +0  00 17 21 000
543. caduceus staff       003000 004 08 +0  003  0d0 +0  00 17 49 000
544. mud ball             000020 005 08 +0  001  0d0 +0  00 17 32 000
545. web sling            004000 002 04 +1  050  4d3 +2  00 20 00 000
546. leather backpack     000500 002 13 +0  013  0d0 +0  00 01 00 000
547. small rapier         001200 002 00 +0  120  4d3 +0  00 20 01 000
548. shadow blade         006000 002 00 +1  065  3d4 +3  00 20 00 000
549. two-handed axe       008000 007 00 +2  060  4d3 +2  00 20 00 000
550. gold amulet          003000 001 08 +0  001  0d0 +0  00 17 16 000

  #  Name                 Value  Wgt Tp Adj Sht  Dice    AC Wr Mg Qst
------------------------------------------------------------------------------
551. billy club           000200 002 02 +0  040  3d3 +0  00 20 00 000
552. half-eaten cat       000001 004 13 +0  000  0d0 +0  00 17 00 000
553. glowing coal         001000 002 08 +0  001  0d0 +0  00 17 23 000
554. rusty armor          000400 014 05 +0  045  0d0 +0  16 01 00 000
555. rusty leggings       000250 006 05 +0  020  0d0 +0  06 03 00 000
556. rusty sleeves        000250 006 05 +0  015  0d0 +0  06 02 00 000
557. rusty gloves         000160 003 05 +0  015  0d0 +0  06 06 00 000
558. rusty visored hood   000350 007 05 +0  020  0d0 +0  11 07 00 000
559. rusty shield         000400 008 05 +0  020  0d0 +0  07 18 00 000
560. crocodile leather bo 000200 004 05 +0  050  0d0 +0  04 08 00 000
561. juju beads           001600 001 08 +0  003  0d0 +0  00 17 26 000
562. juju bag             001200 001 08 +0  003  0d0 +0  00 17 33 000
563. dwarven shield       006000 008 05 +0  040  0d0 +0  08 18 00 000
564. blood urn            020000 100 09 +0  015  0d0 +0  00 17 00 000
565. high heel boots      000500 004 05 +0  012  0d0 +0  03 08 00 000
566. silk scarf           000500 001 05 +0  015  0d0 +0  02 04 00 000
567. pregnancy test kit   000050 001 13 +0  000  0d0 +0  00 17 00 000
568. hope chest           000200 003 09 +0  009  0d0 +0  00 17 00 000
569. sheet music          000100 001 13 +0  000  0d0 +0  00 17 00 000
570. pile of gold         000500 015 10 +0  001  0d0 +0  00 00 00 000
571. party mask           000150 001 05 +0  015  0d0 +0  03 19 00 000
572. fire opal ring       004000 001 05 +0  005  0d0 +0  01 09 00 000
573. voodoo mask          000200 003 05 +0  030  0d0 +0  04 19 00 000
574. suit of glowing ring 026000 016 05 +1  050  0d0 +0  19 01 00 000
575. chill blade dagger   005000 005 01 +1  065  2d6 +2  00 20 00 000
576. chill blade flail    005000 006 02 +1  050  1d14+0  00 20 00 000
577. flaming flail        002500 005 02 +0  050  2d6 +0  00 20 00 000
578. torshorak axe        007000 006 00 +2  085  2d6 +2  00 20 00 000
579. golden circlet       030000 001 05 +0  015  0d0 +0  10 07 00 000
580. oak scepter          002500 001 08 +0  003  0d0 +0  00 17 40 000
581. fiery scepter        002500 001 08 +0  003  0d0 +0  00 17 37 000
582. elven staff of light 003000 003 12 +0  100  0d0 +0  00 17 00 000
583. fiery cowl           009950 002 05 +0  020  0d0 +0  05 04 00 000
584. murky-green potion   002000 001 06 +0  001  0d0 +0  00 17 49 000
585. rendering vat        000000 800 09 +0  020  0d0 +0  00 00 00 000
586. small metal shield   002000 006 05 +0  030  0d0 +0  07 18 00 000
587. flame blade          025000 003 00 +3  085  4d4 +3  00 20 00 000
588. draknal's key of dea 002500 001 11 +0  001 77d0 +0  00 17 00 000
589. oaken box            001000 015 13 +0  015  0d0 +0  00 17 00 000
590. oaken box            001000 014 13 +0  020  0d0 +0  00 17 00 000
591. wheelbarrow          000035 025 13 +0  008  0d0 +0  00 00 00 000
592. shovel               000015 006 02 +0  050  1d7 +1  00 20 00 000
593. brass telescope      004300 003 08 +0  003  0d0 +0  00 17 47 000
594. huge scythe          007800 012 00 +0  080  7d2 +0  00 20 00 000
595. charity chest        000000 500 09 +0  128  0d0 +0  00 00 00 000
596. runed scythe         007000 004 00 +1  025  4d3 +3  00 20 00 000
597. prisoner's uniform   000010 015 05 +0  150  0d0 +0  -1 01 00 000
598. ball and chain       000010 050 05 +0  200  0d0 +0  -1 03 00 000
599. warm fuzzy           000005 001 13 +0  000  0d0 +0  00 17 00 000
600. storage key          002000 001 11 +0  500 52d0 +0  00 17 00 000

  #  Name                 Value  Wgt Tp Adj Sht  Dice    AC Wr Mg Qst
------------------------------------------------------------------------------
601. storage key          002000 001 11 +0  500 53d0 +0  00 17 00 000
602. storage key          002000 001 11 +0  500 54d0 +0  00 17 00 000
603. storage key          002000 001 11 +0  500 55d0 +0  00 17 00 000
604. storage key          002000 001 11 +0  500 56d0 +0  00 17 00 000
605. storage key          002000 001 11 +0  500 57d0 +0  00 17 00 000
606. storage key          002000 001 11 +0  500 58d0 +0  00 17 00 000
607. storage key          002000 001 11 +0  500 59d0 +0  00 17 00 000
608. someone              000000 000 13 +0  001  0d0 +0  00 00 00 000
609. platinum eyes storag 002000 001 11 +0  500 60d0 +0  00 17 00 000
610. dwarven plate mail h 005000 003 05 +0  045  0d0 +0  10 07 00 000
611. black staff          004000 001 08 +0  015  0d0 +0  00 17 47 000
612. bag of holding       008000 003 13 +0  009  0d0 +0  00 17 00 000
613. banded armor         010000 018 05 +3  060  0d0 +0  23 01 00 000
614. rusty greatsword     008000 010 01 +0  090  3d5 +3  00 20 01 000
615. a mountain of gold a 100000 300 10 +0  000  0d0 +0  00 00 00 000
616. clerk's key          000020 001 11 +0  003 61d0 +0  00 17 00 000
617. red velvet cloak     000400 002 05 +0  020  0d0 +0  03 04 00 000
618. deck of cards        000104 001 08 +0  001  0d0 +0  00 17 42 000
619. push cart            000000 100 09 +0  010  0d0 +0  00 00 00 000
620. pink potion          005000 001 06 +0  001  0d0 +0  00 17 49 000
621. thieve's dirk        003000 002 01 +1  050  4d4 +2  00 20 00 000
622. black stone          000001 001 13 +0  000  1d0 +2  00 00 00 000
623. red stone            000001 001 13 +0  000  0d1 +2  00 00 00 000
624. blue stone           000001 001 13 +0  000  0d2 +2  00 00 00 000
625. green stone          000001 001 13 +0  000  0d3 +2  00 00 00 000
626. four colored stones  000001 800 13 +0  000  0d0 +0  00 00 00 000
627. shop sign            000000 800 13 +0  000  0d0 +0  00 00 00 000
628. cryptography handboo 000100 001 13 +0  001  0d0 +0  00 17 00 000
629. cell key             000020 001 11 +0  003 61d0 +0  00 17 00 000
630. Mordor skeleton key  000005 001 11 +0  100 99d0 +0  00 17 00 000
631. soap bar             001000 001 08 +0  005  0d0 +0  00 17 49 000
632. elven lamellar hood  020000 001 05 +1  040  0d0 +0  10 07 00 000
633. green tarnished key  000005 001 11 +0  001 47d0 +0  00 17 00 000
634. red tarnished key    000005 001 11 +0  001 48d0 +0  00 17 00 000
635. white tarnished key  000005 001 11 +0  001 49d0 +0  00 17 00 000
636. Vivian's key         002000 001 11 +0  500 50d0 +0  00 17 00 000
637. white training key   000010 001 11 +0  001  6d0 +0  00 17 00 000
638. Sumner's Sword of Sa 050000 004 01 +3  250  4d4 +3  00 20 00 000
639. grand opening flyer  000005 001 13 +0  001  0d0 +0  00 17 00 000
640. storage key          002000 001 11 +0  500 70d0 +0  00 17 00 000
641. storage key          002000 001 11 +0  500 62d0 +0  00 17 00 000
642. storage key          002000 001 11 +0  500 63d0 +0  00 17 00 000
643. storage key          002000 001 11 +0  500 64d0 +0  00 17 00 000
644. storage key          002000 001 11 +0  500 65d0 +0  00 17 00 000
645. storage key          002000 001 11 +0  500 66d0 +0  00 17 00 000
646. storage key          002000 001 11 +0  500 67d0 +0  00 17 00 000
647. storage key          002000 001 11 +0  500 68d0 +0  00 17 00 000
648. storage key          002000 001 11 +0  500 69d0 +0  00 17 00 000
649. human head           000005 006 08 +0  002  0d0 +0  00 17 09 000
650. human arm            000005 006 08 +0  001  0d0 +0  00 17 17 000

  #  Name                 Value  Wgt Tp Adj Sht  Dice    AC Wr Mg Qst
------------------------------------------------------------------------------
651. temple key           005000 001 11 +0  003 71d0 +0  00 17 00 000
652. mugger's mask        000300 003 05 +0  030  0d0 +0  04 19 00 000
653. snakeskin mask       000300 002 05 +0  020  0d0 +0  03 19 00 000
654. shattered dragon's b 000005 002 00 +1  003  4d4 +0  00 20 00 000
655. recycling machine    000000 800 09 +0  100  0d0 +0  00 00 00 000
656.                      000000 000 00 +0  000  0d0 +0  00 00 00 000
657. blood stained sign   000000 800 13 +0  000  0d0 +0  00 00 00 000
658. flaming key          002000 001 11 +0  500 72d0 +0  00 17 00 000
659. martel de fer        006000 007 02 +0  075  4d4 +1  00 20 00 000
660. heavy wine bottle    002000 004 02 +0  001 15d1 +0  00 20 00 000
661. snakeskin cloak      000600 003 05 +0  025  0d0 +0  03 04 00 000
662. Lucifer's Hammer     100000 015 02 +3  100  5d3 +4  00 20 00 000
663. aquamarine drink     003500 001 06 +0  001  0d0 +0  00 17 22 000
664. hazy drink           005000 001 06 +0  001  0d0 +0  00 17 17 000
665. glowing drink        002000 001 06 +0  001  0d0 +0  00 17 12 000
666. white bone key       001000 001 11 +0  001 73d0 +0  00 17 00 000
667. white bone key       001500 001 11 +0  001 74d0 +0  00 17 00 000
668. white bone key       002000 001 11 +0  001 75d0 +0  00 17 00 000
669. vault key            000015 001 11 +0  001 76d0 +0  00 17 00 000
670. bible                000010 002 08 +0  002  0d0 +0  00 17 05 000
671. large blue ball      003000 005 08 +0  005  0d0 +0  00 17 16 000
672. emerald collar clip  100000 001 05 +0  015  0d0 +0  10 04 00 000
673. elven magical crossb 006000 005 04 +2  080  4d3 +3  00 20 00 000
674. lightning crossbow   040000 005 04 +3  100  4d4 +3  00 20 00 000
675. training key         000005 001 11 +0  001 77d0 +0  00 17 00 000
676. tiny key             000005 001 11 +0  001 78d0 +0  00 17 00 000
677. cleric's cudgel      006000 005 02 +2  100  4d3 +2  00 20 00 000
678. glass key            002000 001 11 +0  500 79d0 +0  00 17 00 000
679. ruby key             001000 001 11 +0  001 80d0 +0  00 17 00 000
680. drow crossbow        006000 003 04 +1  065  1d7 +7  00 20 00 000
681. drow chain mail      001800 010 05 +0  045  0d0 +0  16 01 00 000
682. drow assassin mask   002500 003 05 +0  030  0d0 +0  03 19 00 000
683. drow short sword     005000 005 01 +2  100  5d3 +0  00 20 00 000
684. poison dart          000000 000 00 +0  000  0d0 +0  00 00 00 000
685. drow dart            000000 000 00 +0  000  0d0 +0  00 00 00 000
686. fiery sign           000010 800 13 +0  000  0d0 +0  00 00 00 000
687. gold ingot           000100 001 13 +0  000  0d0 +0  00 17 00 000
688. hab's key            000100 001 11 +0  003 81d0 +0  00 17 00 000
689. nab's key            000200 001 11 +0  002 82d0 +0  00 17 00 000
690. yab's key            000300 002 11 +0  002 83d0 +0  00 17 00 000
691. Nab's red sash       000300 001 13 +0  000  0d0 +0  00 17 00 000
692. key of the Protector 000100 001 11 +0  001 84d0 +0  00 17 00 018
693. key of the Protector 000100 001 11 +0  001 85d0 +0  00 17 00 019
694. stone tablet         000005 100 13 +0  001  0d0 +0  00 17 00 000
695. ring of protection   010000 003 05 +0  030  0d0 +0  04 09 00 000
696. crystallized bat gua 001000 005 08 +0  004  0d0 +0  00 17 19 000
697. crystal shard dagger 006500 010 01 +1  100  3d4 +2  00 20 00 000
698. mace of harmonic obl 010000 008 04 +3  250  4d4 +3  00 20 00 000
699. armor                010000 010 05 +3  075  0d0 +0  20 01 00 000
700. crystalline battle a 010000 020 05 +0  020  0d0 +0  20 01 00 000

  #  Name                 Value  Wgt Tp Adj Sht  Dice    AC Wr Mg Qst
------------------------------------------------------------------------------
701. crystalline battle b 007250 010 05 +0  015  0d0 +0  05 02 00 000
702. crystalline battle l 005725 010 05 +0  015  0d0 +0  08 03 00 000
703. crystalline battle g 005250 010 05 +0  008  0d0 +0  08 06 00 000
704. crystalline battle b 005250 010 05 +0  010  0d0 +0  08 08 00 000
705. crystalline battle h 004250 008 05 +0  010  0d0 +0  13 07 00 000
706. biggest addict award 010000 005 05 +3  010  0d0 +0  00 17 00 000
707. tongues of fire      002000 001 08 +0  012  0d0 +0  00 17 41 000
708. two-handed broadswor 008000 004 01 +2  100  4d4 +1  00 20 00 000
709. iron key             000010 002 11 +0  005 86d0 +0  00 17 00 000
710. management sign      000000 800 13 +0  000  0d0 +0  00 00 00 000
711. water-soaked scroll  000010 001 07 +0  001  0d0 +0  00 17 45 020
712. headstone            000000 800 13 +0  000  0d0 +0  00 00 00 000
713. two-handed gleaming  010000 006 01 +1  050  4d4 +2  00 20 00 000
714. Morbid's bloody head 000000 800 13 +0  000  0d0 +0  00 00 00 000
715. dinosaur bone        000350 007 02 +0  050  2d6 +2  00 20 00 000
716. t-rex claw           008000 005 00 +0  120  4d3 +3  00 20 00 000
717. shield plate         002000 010 05 +0  035  0d0 +0  07 18 00 000
718. tiny wand            001000 001 08 +0  005  0d0 +0  00 17 36 000
719. cryptogram           000000 000 13 +0  000  0d0 +0  00 00 00 000
720. 100 oriental dancers 000000 000 13 +0  000  0d0 +0  00 00 00 000
721. 500 warriors         000000 000 13 +0  000  0d0 +0  00 00 00 000
722. hollow reed          000500 001 08 +0  003  0d0 +0  00 17 45 000
723. covenant             000000 000 13 +0  000  0d0 +0  00 00 00 000
724. 300 knights in gleam 000000 000 13 +0  000  0d0 +0  00 00 00 000
725. arbir                020000 005 01 +2  090  5d3 +3  00 20 00 000
726. glowing amber vial   010000 003 06 +0  015  0d0 +0  00 17 19 000
727. spiked shield        015000 006 05 +1  040  0d0 +0  11 18 00 000
728. four white buttons   000000 000 13 +0  000  0d0 +0  00 00 00 000
729. bone leg bracers     012000 005 05 +0  030  0d0 +0  04 03 00 000
730. medallion of yesterd 020000 002 05 +3  100  0d0 +0  10 04 00 000
731. hot crystal          008000 003 08 +0  003  0d0 +0  00 17 38 000
732. maze muddle          002000 001 13 +0  001  0d0 +0  00 17 00 000
733. mind reader's scroll 000010 001 07 +0  000  0d0 +0  00 17 47 000
734. two-handed voulge    008000 006 00 +1  100  3d5 +3  00 20 00 000
735. mage's red cape      000500 003 05 +0  030  0d0 +0  03 04 00 000
736. light blue cape      000600 003 05 +0  040  0d0 +0  02 04 00 000
737. ranger's forest gree 000600 003 05 +0  030  0d0 +0  03 04 00 000
738. snow white cape      000700 003 05 +0  030  0d0 +0  03 04 00 000
739. league boots         001000 006 05 +0  035  0d0 +0  04 08 00 000
740. coffin               000000 500 13 +0  050  0d0 +0  00 00 00 000
741. silver flute         002000 001 08 +0  005  0d0 +0  00 17 51 000
742. lemon yellow scroll  000025 001 07 +0  001  0d0 +0  00 17 51 003
743. wine list            000001 001 13 +0  000  0d0 +0  00 00 00 000
744. hair shirt           000060 006 05 +0  020  0d0 +0  03 01 00 000
745. curator's office key 000005 001 11 +0  001 87d0 +0  00 17 00 000
746. tiny white enameled  000010 001 11 +0  001 88d0 +0  00 17 00 000
747. cleric's mace        005000 004 02 +1  040  3d4 +3  00 20 00 000
748. key of Elise         000020 001 11 +0  001 90d0 +0  00 00 00 021
749. Kuroth's key         000010 010 11 +0  006 91d0 +0  00 17 00 000
750. crystal mask         004000 010 05 +0  003  0d0 +0  01 19 00 000

  #  Name                 Value  Wgt Tp Adj Sht  Dice    AC Wr Mg Qst
------------------------------------------------------------------------------
751. small velvet bag     006000 001 09 +0  005  0d0 +0  00 17 00 000
752. goat skin scroll     000010 001 07 +0  001  0d0 +0  00 17 43 000
753. onion skin scroll    000025 001 07 +0  001  0d0 +0  00 17 47 000
754. training key         000005 001 11 +0  001 92d0 +0  00 17 00 000
755. training key         000005 001 11 +0  001 93d0 +0  00 17 00 000
756. training key         000005 001 11 +0  001 94d0 +0  00 17 00 000
757. half-giant boots     000600 004 05 +0  045  0d0 +0  03 08 00 000
758. goat horn            004000 002 08 +0  003  0d0 +0  00 17 43 000
759. bag of herbs         001000 002 08 +0  001  0d0 +0  00 17 50 000
760. herbal pouch         001000 002 08 +0  001  0d0 +0  00 17 49 000
761. jacintha seeds       001000 002 08 +0  001  0d0 +0  00 17 20 000
762. carrot juice elixer  003000 001 06 +0  001  0d0 +0  00 17 50 000
763. baby blue scroll     000100 001 07 +0  001  0d0 +0  00 17 50 000
764. pick axe             004400 010 00 +0  010  1d5 +0  00 20 00 000
765. jeweled breast plate 000050 020 05 +0  005  0d0 +0  -10 01 00 000
766. fish-eye gem         000800 001 08 +0  003  0d0 +0  00 17 10 000
767. acid pod             000100 002 08 +0  001  4d6 +0  00 17 29 000
768. iron key             000025 002 11 +0  010 95d0 +0  00 17 00 000
769. black wand           000010 005 08 +0  003  0d0 +0  00 17 26 000
770. vial of yellow smoke 005000 002 08 +0  006  0d0 +0  00 17 51 000
771. 600 fighters         000000 000 13 +0  000  0d0 +0  00 00 00 000
772. 200 knights          000000 000 13 +0  000  0d0 +0  00 00 00 000
773. 100 entertainers     000000 000 13 +0  000  0d0 +0  00 00 00 000
774. blood covenant       000000 000 13 +0  000  0d0 +0  00 00 00 000
775. acid-stained scroll  000050 001 07 +0  001  0d0 +0  00 17 52 022
776. heart-shaped key     000100 001 11 +0  005 96d0 +0  00 17 00 023
777. spiked cudgel        003000 006 02 +0  100  4d3 +3  00 20 02 000
